4219815
4220145
4198405
4241199
4253377
4210821
4224413
4220555
4228728
4233500
4220564
4226010
4197468
4220216
4214540
4231755
4187204
4215552
4231251
4223769
4220181
4205205
4216463
4223136
4213242
4217099
4220393
4220793
4208520
4225490
4210115
4214215
4206960
4223041
4218232
4217061
4208868
4215255
4215438
4212064
4221695
4232823
4212677
4213920
4208029
4214175
4205958
4209350
4219975
4212857
4213340
4214350
4198721
4227505
4210797
4196906
4211120
4214781
4223660
4231768
4231392
4219973
4217996
4208121
4230253
4229884
4228243
4236201
4231666
4215209
4202842
4228017
4203089
4226433
4227881
4227856
4215012
4229962
4219874
4220082
4228738
4203113
4200279
4222615
4214056
4221691
4219464
4203951
4229795
4212776
4235755
4241166
4193588
4200261
4235737
4222996
4228849
4203415
4233094
4196662
4217801
4227207
4230789
4211046
4209109
4211983
4222160
4233573
4234442
4219571
4210610
4225983
4233384
4224318
4222432
4206650
4236061
4198113
4209104
4219099
4214875
4225962
4220749
4227312
4206380
4235618
4231092
4249900
4234237
4211190
4208739
4228870
4236654
4217982
4212046
4220979
4201105
4192034
4227370
4224077
4221563
4219002
4224735
4218843
4237085
4232319
4236589
4220732
4209325
4205264
4219628
4208813
4174083
4221593
4224953
4223112
4214393
4225675
4234213
4222990
4227799
4202099
4226901
4215397
4227025
4212227
4208300
4221058
4220335
4197442
4212759
4203223
4235952
4210790
4213011
4238500
4214866
4204477
4230079
4211978
4219168
4204572
4213201
4240566
4245452
4208007
4209800
4223315
4208756
4227222
4243531
4224848
4225181
4217206
4225779
4209122
4200093
4208026
4228188
4231581
4224991
4202294
4235248
4216231
4229627
4214694
4212887
4215593
4237243
4212611
4223561
4210161
4226924
4215666
4230876
4213310
4219348
4202176
4220592
4219245
4211478
4203436
4218912
4226821
4229418
4200113
4217232
4226655
4222588
4235989
4219467
4216847
4217087
4218788
4216643
4219299
4223666
4241445
4228643
4210567
4215512
4226369
4205143
4205662
4238086
4206046
4219182
4216244
4224022
4211958
4214413
4221780
4216811
4236744
4189079
4236815
4219404
4223780
4216310
4218473
4226755
4213108
4205460
4242497
4227585
4225458
4225002
4203797
4217220
4204309
4234166
4202749
4199651
4207927
4218684
4222073
4212193
4198971
4239645
4219376
4181779
4224206
4220238
4224965
4216796
4216577
4211191
4214026
4210091
4210340
4225689
4209886
4220796
4235368
4217624
4233139
4228819
4228836
4216195
4209161
4223809
4231338
4211954
4216047
4189492
4219573
4236695
4216839
4224544
4201123
4206300
4220769
4211462
4224781
4226013
4227310
4220359
4225443
4229897
4212993
4229021
4233482
4215046
4207608
4243282
4214327
4200070
4245397
4222638
4238298
4208047
4214922
4195902
4219956
4222105
4217429
4236553
4219277
4234403
4212586
4214240
4226435
4217127
4228842
4232918
4201604
4227911
4211148
4220882
4239967
4214548
4235015
4228455
4210171
4216016
4226190
4219764
4227317
4194185
4211150
4214040
4231837
4235368
4231273
4216503
4215366
4239856
4206807
4236808
4213395
4223104
4220232
4221919
4217585
4224484
4207422
4226258
4225277
4219158
4212636
4217942
4224777
4215110
4220745
4222850
4226958
4221065
4218826
4223409
4211700
4201707
4208887
4222204
4225843
4252659
4220916
4215657
4221484
4228379
4221438
4232549
4231033
4229172
4215287
4221744
4206052
4236887
4233080
4230326
4231107
4214155
4220305
4213995
4219338
4203093
4208368
4211858
4229701
4201815
4230153
4203094
4206367
4210836
4234844
4208244
4224605
4199971
4209071
4211998
4210496
4206301
4225744
4219875
4236641
4231795
4214047
4214407
4233419
4232400
4225693
4204687
4213726
4222275
4206812
4251581
4208536
4196966
4221204
4225808
4227607
4201248
4199979
4231252
4204354
4225351
4211363
4240550
4213941
4210033
4232971
4235467
4221007
4226903
4224495
4218696
4241672
4226945
4198504
4232673
4215428
4208653
4232303
4208854
4235304
4213829
4231622
4214541
4206512
4224811
4244621
4232202
4215906
4234445
4230221
4198999
4240724
4241472
4204103
4232299
4205648
4219310
4202842
4239613
4237712
4197376
4213298
4228304
4210121
4218036
4216603
