512052
504920
486697
474712
500409
476285
514844
513992
491624
527897
501306
479960
489279
501144
532582
496048
506569
509306
471881
503081
516133
494998
473872
535394
480123
492250
506527
452294
485168
495252
471455
503117
504424
449086
518914
491680
533724
490860
480296
505266
484021
498134
469259
479701
494990
516831
494080
515824
499437
495389
512179
497642
490877
464512
505557
512044
513090
475382
513597
522851
494179
493100
479121
517579
471835
487679
483003
485152
500657
490369
517341
484697
487481
505117
500953
505170
498572
480865
494236
524829
499769
484465
479761
508275
487224
507815
510241
500078
493200
519231
488432
508373
488577
507948
503300
470685
510846
492648
463190
457247
447745
499718
486918
516351
485254
519049
500192
533043
466184
492400
495125
530865
494234
506051
520886
500718
494014
514714
505980
491611
512757
494775
521286
484902
469409
467809
488822
471056
505773
496221
482746
474634
459692
525251
501891
471866
510282
479184
483353
495312
495622
512570
501839
535907
499279
520717
494672
505160
477637
523400
491632
486100
529979
525035
505060
514914
507691
515490
521477
498557
488287
510739
491596
472231
495309
481530
462365
501540
469718
488154
510448
499259
515227
508929
514747
477627
503333
517789
493859
519347
494316
494212
443847
486876
502954
505582
452235
515477
496647
516420
514806
500259
498328
470897
530255
529590
530682
509943
489316
509003
470600
519572
496335
496262
469637
515734
495450
520292
485937
506059
497064
487475
503349
478794
485390
482658
511106
530200
514689
515925
472506
486340
506034
512682
502329
528327
523753
510419
508259
517107
487433
505521
544149
474433
511938
489773
488215
521305
494201
466968
478747
475780
515971
471868
529024
475193
513888
490279
515446
499029
479188
485509
496614
472661
484159
476145
502712
501085
528979
528991
495435
512191
500012
484476
482610
524958
487932
474563
496868
499051
476754
491658
490579
489250
493527
489837
499975
469900
482358
503971
493586
484113
507539
452552
497612
501425
485755
479501
444031
465520
509923
488893
505501
494117
486314
478459
479338
487124
507805
475742
526399
527179
509113
511161
493217
514295
506331
475764
472354
473167
524290
505048
522451
490812
516268
518140
502004
508675
476835
537100
536204
504506
489762
508232
470110
480587
497298
519585
499867
515395
509600
490851
490570
488839
502744
475956
481087
503745
493103
491011
513252
511557
524257
484813
469580
507365
557578
454461
498140
529799
487110
499386
487904
473293
478838
525996
483165
453416
506769
493122
517015
499280
483950
466118
498583
486701
484770
487069
525570
504901
494802
517904
464495
499813
500177
516705
485432
538079
527483
474123
494448
495553
491306
497166
481552
519521
488662
513476
486424
495605
525066
475769
500204
517907
507484
492340
495800
528559
479175
508738
483844
489030
456382
480771
497212
500245
538512
475847
503695
481231
522290
487760
470988
499595
482241
552289
472426
488880
485788
489308
504419
476430
499260
469814
497451
468737
489198
514994
508370
489499
490556
498902
487734
435987
477847
486503
515439
501307
505537
505857
526628
473286
489773
492956
501575
478851
510955
511517
476215
514917
477815
490776
473357
517277
523505
482790
455011
494765
501655
475927
516509
502797
514445
475353
486120
465199
457010
486743
497064
507560
475171
480930
498533
495676
508885
496004
487886
495727
485429
507559
507978
520194
503882
524502
495389
473797
494016
514889
500333
516704
494127
492025
506505
466144
458671
481886
482564
501339
462600
462375
