472065
465472
472035
467359
465839
471280
461650
470594
467803
465933
468509
471325
464093
469173
468989
467273
466019
468740
468826
470961
468709
472527
469317
470608
467317
468738
467168
469503
469351
467641
466238
467735
468504
465725
466299
470659
466653
468686
463841
467667
469970
470877
463415
468309
468951
469357
466236
470798
470735
467755
470212
472439
468168
472324
465323
468306
466794
468105
463848
467699
471825
468887
466937
465486
467869
469952
470769
470582
469960
467225
467889
471231
470111
465616
467443
472578
467729
470853
468820
465114
467876
463860
471737
466553
468938
468339
467587
467334
470300
469871
467998
471970
468503
468046
469800
466715
470948
469575
471512
466697
467936
467254
468551
466841
470119
464806
466420
470082
467341
468695
464301
470460
470448
466003
466315
468467
467741
469493
468846
468238
471483
472211
468405
467343
469646
464384
469122
468541
470215
469545
464025
468658
470994
470329
470301
468914
469548
470738
468027
467684
465266
469588
473142
472243
467853
469135
469196
470338
468043
467948
465105
463224
472084
467565
464302
467035
469115
470680
469629
470055
467542
467691
469814
467332
468093
469206
469796
469957
470548
470402
468904
466957
467849
468767
470847
466374
464063
464583
466810
469046
468981
468305
469017
466372
465814
469866
469316
465526
469740
471025
467717
468752
469637
469885
469001
473090
468784
471366
468495
471029
464123
468852
465037
470148
467430
469995
464835
471508
469395
471761
473934
465448
467246
468841
466978
467476
470087
471159
468590
466412
465111
465687
466021
466050
467403
468426
465790
468459
469557
469426
467117
465390
468048
468731
468599
469996
468066
472372
469295
462231
463903
463476
467889
469381
468912
469322
468337
471071
464800
466665
468051
463741
472290
469058
467952
465441
467748
463555
470589
466471
465062
465321
467497
466344
467672
461616
465147
468460
467723
467104
469955
469516
470861
470714
466135
469635
469226
472225
467938
468877
465391
463963
466425
465718
470301
464576
469297
466906
464407
469460
468147
464463
468318
472155
468202
469815
471189
466582
472021
467853
472255
466238
472285
466471
470080
467362
468658
465843
469125
471667
468125
463299
472551
464244
466017
469454
468219
462580
470958
468356
466412
466037
466090
468752
467310
470906
468353
468217
468931
469038
469106
461694
466841
467306
466985
466460
470434
465843
464590
473382
471416
467450
464039
467128
467066
469030
466482
465845
466504
468158
469590
466480
467559
465787
467050
465037
469054
468153
468895
465618
470626
470053
466851
467936
470888
466670
467131
470609
468370
474100
467165
468167
469474
467934
468273
468405
468338
467256
468130
467760
472422
465482
465476
471592
465982
468893
469619
468674
464710
466017
465092
470258
468352
471729
471497
468140
466888
464916
469059
471618
467298
468218
465141
469880
469982
465781
471677
469975
471965
465739
464002
470047
466965
468255
468733
466169
471925
468510
470179
467833
466451
463558
470179
469438
466572
470744
470868
469724
468666
471872
470560
464788
470254
466969
467563
468203
467166
464767
468679
467930
468809
466698
464682
464407
470635
471232
475676
468580
469138
466629
468583
468804
469825
471945
469278
464722
471814
468297
468898
467556
466237
471435
470015
466275
471738
469636
465517
469351
466725
467598
466892
470908
470896
468533
464415
471338
467003
466119
467576
471806
464828
471155
472540
467796
465834
469358
470883
464958
465673
467870
467123
469332
464790
469359
468923
466896
469143
465953
469163
472236
