117177
125414
122119
120189
130179
127656
126694
125830
133737
115852
121485
130466
120937
131313
130352
116267
119418
133030
123277
119573
122105
119947
125498
124158
131719
127920
120682
124955
126467
130240
132345
115705
122314
122991
128251
125959
112808
122536
127904
115500
122879
126090
113404
120718
114434
126532
111060
121913
111994
118358
119700
122902
105779
133458
136530
125815
125027
124529
121678
140112
115127
130825
128133
119938
123635
116181
127538
122836
123025
118304
127033
119006
125555
118302
107533
129281
115312
115744
119576
133410
112909
127633
124669
125449
113204
127720
118935
126538
123267
124769
140124
117523
129624
126986
119953
121948
120181
130236
117446
124769
118921
122329
125115
124086
115667
129752
119448
123999
117699
113487
129331
128561
129370
121140
127645
122175
120022
135853
129325
123459
128187
122802
117483
129673
125958
120499
119059
121716
122322
126720
120648
129405
129942
122960
121991
120335
115264
118482
117922
123370
132159
123712
126428
118235
115570
132163
120975
126393
116063
123934
108416
129723
119167
126914
125663
125605
129124
127777
116469
114551
133414
121291
118982
131832
113040
120659
111628
121694
116971
125119
134299
123585
121855
130583
122156
124135
127804
123203
122007
132557
137806
129856
117779
128490
128792
129729
135423
115603
117848
121048
132617
123656
131928
136482
121629
121967
127384
121297
122519
118872
112786
116421
117972
127440
120854
129301
116770
129793
120331
127349
112973
127423
119134
121334
126872
125695
124648
130431
137887
112545
120903
128844
128369
122428
117248
129970
126718
115241
124552
122683
110323
124316
121352
123153
126757
114378
138595
116766
115936
117095
126039
131775
131511
117683
125759
113709
118119
130398
128472
135746
101024
125797
120141
127343
122739
119435
120190
117679
121211
127252
135383
130602
125758
126453
123114
118832
131824
115850
132147
121503
132337
122374
130977
132395
118151
131548
123565
114577
125475
130248
124527
125657
114974
132152
120632
126195
119284
114181
113494
128974
122699
115599
131861
134170
110915
117675
123283
123242
135865
120463
118874
117876
125447
129132
132410
119786
120867
125477
125075
119005
127522
126015
127081
130372
121424
118375
115004
125769
116567
118730
122565
118358
119762
137859
126252
115789
111868
122431
118158
125102
135449
124562
122342
117527
113623
124083
126696
136114
121445
135385
128806
126076
131561
125896
132068
124913
113031
130533
126486
123728
120441
127751
133982
121321
124183
129188
126080
116582
127019
129438
123625
128084
120767
113192
123605
134128
130976
120293
106942
115798
132406
126113
117514
130606
127718
113458
122742
122901
119133
136342
134386
122756
121777
122410
116720
109202
119551
126003
129762
129017
113121
122550
116150
109904
121684
119115
126585
124746
115532
122116
119284
126639
121733
121951
130016
114789
131452
130786
122072
121131
121542
132086
115834
117380
129741
122291
130012
122999
113784
111378
130277
130578
121675
124250
123795
116658
125334
124563
123960
123383
119625
118746
123954
119610
123898
128191
129020
124886
118768
118248
113126
124926
123960
115367
136184
118717
124793
111584
138856
120153
142759
115422
123477
124260
128307
125670
123029
136716
122628
122797
123772
119979
129205
123875
124287
118409
122370
126968
129186
126319
115881
125109
122293
126578
127731
118746
133932
122922
116951
125406
115017
129954
128437
116629
132008
126935
110805
115970
120215
128099
133995
116196
132812
122004
131582
113168
122109
118680
116090
121793
