29269
30884
28737
29034
35633
28486
32568
32077
30647
30991
31389
29092
29103
29795
31350
27460
33334
29009
28031
30473
31688
28157
31659
29597
30984
33462
30148
29270
30011
33231
31764
32812
32637
28431
33678
30584
28968
31937
32057
28278
29283
27816
32368
28923
31583
35563
32488
26269
32687
28051
30758
34077
31957
31147
32051
31446
31086
29658
33664
34326
30334
26725
28514
33243
31350
34194
32662
29791
31832
30473
28790
30549
30243
32675
31301
32086
31870
24803
29334
31466
30910
28165
29967
29980
34759
32247
29146
26380
31090
32946
30427
30270
31967
31847
29080
28826
33365
32321
33780
26178
31888
30101
32927
33240
28594
32861
32694
30523
32085
27496
33386
26896
30428
30801
27800
29466
29141
31482
30140
27675
24352
31197
27143
32316
29892
33366
29409
30841
28393
34971
34038
33657
29067
32764
31554
30796
33418
32110
32478
32426
31244
28369
28165
33635
30947
31689
30193
33402
28191
33042
30613
29874
34501
30884
28848
31354
30022
29522
30842
29582
28471
30644
33872
27303
30042
31385
34516
32486
26945
27911
30662
33940
32409
30319
32318
26945
34324
32662
30149
30803
33159
31779
30935
27467
32972
33413
28980
28625
32248
31148
28827
32936
31169
32957
33050
31674
26564
31931
33435
33999
31415
32630
34276
29086
30978
34259
29890
30745
37708
29242
31461
32398
31456
33326
27287
30111
28785
32766
29262
30937
30615
35237
31684
29234
31458
32518
36854
28697
29625
32095
28566
31418
28670
33944
32480
30948
34410
28812
31132
32226
31244
29663
33617
28018
28047
27028
34663
27774
32172
27734
31764
31421
31072
31304
30207
30666
29537
34364
31985
34132
32630
30614
31638
31349
34653
29396
29289
33169
30581
29315
31884
30622
29754
37756
31872
35361
29285
29687
28710
30635
26617
32071
30610
29542
29829
30534
29541
34667
34014
27667
29169
29192
31076
32766
30655
32596
29857
29078
30805
34216
30488
30146
28283
30990
28373
28833
28667
35857
33054
28806
28574
32913
35893
33054
28001
27074
32823
28148
27425
29663
28844
25118
30335
29717
31549
31160
29743
28547
33015
30804
27076
31607
30614
26190
30559
30029
30173
33547
28748
30440
32976
32724
29341
30595
33161
32347
29788
29270
30064
32574
32177
31384
32256
33193
26347
33480
34279
31877
27631
29838
34212
28242
32632
30102
29766
31051
33285
33386
28641
28269
29337
33641
31926
27964
27548
28926
34748
33307
29748
27248
31636
28325
33838
32384
28877
30474
33609
33726
33181
33331
27733
29974
26155
33002
34371
26163
32969
28430
29979
32055
32823
31745
32782
27568
31511
32885
27702
27749
31779
31983
31238
28704
32323
30131
27487
32794
31897
34600
30817
28816
31340
33530
27796
27706
29708
33034
26529
31987
28909
29512
31177
26232
30920
32278
31513
31616
32088
37472
34875
30498
28397
32306
25843
30507
29496
32323
31948
33714
29762
31542
33020
26869
27580
28530
33888
34948
27242
29441
29115
28670
28646
33423
32916
28839
29648
31337
30640
28106
29918
29948
29029
33634
29952
36250
27257
30390
31382
28264
32054
34142
30743
27682
33172
34996
28923
30489
33692
30110
29874
28740
30420
35810
29704
36220
32414
33886
33309
31849
27582
29114
