288280
284150
269552
276217
277222
282877
261630
275528
274506
255612
279689
273231
275075
284708
276865
268934
272220
263834
271672
272272
267590
281495
266126
284327
288900
297115
274598
288972
262799
292753
298437
295837
260384
303749
259489
280560
284918
272061
272165
275903
286144
282648
267018
263948
276597
294888
282876
282420
280117
277118
261000
283652
269947
290829
281691
301395
287034
269628
265768
298587
261416
297802
259452
276606
262443
305612
281401
268493
273839
299273
247953
302139
260979
290823
273048
279515
282807
258965
273904
271479
272855
281760
269587
251051
259402
252572
275146
270410
294229
279911
303018
283448
274035
293894
243532
289929
279597
300777
272302
254370
284536
300312
262883
299085
273037
265392
261200
248330
285132
285883
282586
279739
296089
271373
266443
274526
295448
285068
274378
276954
284896
263457
275968
279584
252916
314193
240340
295707
303524
269460
281791
269020
286203
263930
292235
280899
277739
287005
290367
281725
268218
292822
298845
283590
284773
266406
295297
269830
286808
290229
265402
299603
280874
273091
279248
276900
282992
271089
284592
280300
299644
259879
275205
269406
281593
270334
272544
275316
259201
263740
315274
277003
264905
281534
277569
266739
270391
288453
275629
284787
247661
284509
270486
272480
268155
288315
281352
290765
283995
286386
293288
283065
268545
276441
275052
275833
292015
284750
271930
281025
287969
287584
259448
268381
277589
282104
270385
269523
279110
290944
271284
274186
281329
281192
277555
296628
286985
285373
280694
286756
277721
282517
265362
296893
271513
289773
281408
286989
268976
286334
301959
288992
269123
291184
259189
270503
273796
286719
275390
287663
304044
264679
272059
290646
273178
276309
276890
271886
259435
281915
277326
275780
256787
265930
296486
263937
262182
278644
312631
285884
274076
280452
275623
295997
308475
275851
293574
268698
283704
298135
288855
265048
278189
271815
286055
284917
290878
270652
266462
303014
269269
274886
268429
297312
277451
276534
291652
289900
264793
286717
282434
276918
291266
261485
295776
267785
290894
301230
282009
266863
274308
263209
270952
267294
271792
266427
261245
270018
263542
253417
267865
281933
283893
281819
299361
275848
309965
264962
313842
272488
287612
296360
285693
280082
252192
287349
265073
276205
287173
264090
282053
268686
270886
272905
273816
283207
294570
278434
273246
297979
279081
281936
272919
273485
291359
283573
283729
266945
264310
279759
284447
253761
300002
260472
280407
285384
272817
263443
297325
262281
258567
267115
273454
268846
283423
271298
261348
289079
278156
269182
292299
277728
285543
256809
271644
285311
269675
278958
268856
273696
282884
277965
279873
279437
303974
278865
280525
280927
279863
272413
274558
272613
283312
281942
271673
280037
267926
288515
267593
273594
260761
278664
263333
277186
278207
262994
303573
258291
268546
283070
291473
268728
267895
280648
274166
270390
264016
272948
261706
246624
266607
259139
274141
265210
278233
265978
283133
267846
257147
296468
263137
287850
280038
262567
265008
291759
269468
286075
288669
291566
280214
268232
258625
270656
296009
298153
287729
271862
283518
295174
269420
295093
282575
273968
267626
273374
268539
274293
261283
291941
267655
273573
298866
280142
262098
280675
285937
260302
280488
267640
277515
283478
291014
274667
272846
284223
280845
281046
288296
262000
281726
280982
286045
274172
288961
279891
280501
287061
294154
278754
272087
266272
269528
280250
265458
279187
285225
255176
282367
272937
