1881159
1866308
1867205
1878503
1882031
1879411
1882485
1876519
1881538
1873912
1872033
1869199
1876154
1878382
1877124
1889196
1863200
1864447
1872998
1868973
1880867
1873303
1880434
1880764
1870673
1873623
1878314
1875644
1874439
1872199
1868132
1876855
1879734
1878867
1879751
1873668
1869778
1873596
1872594
1871485
1885910
1867386
1868583
1876125
1877509
1882735
1877737
1865134
1879528
1884603
1881189
1884198
1882361
1872027
1874281
1873616
1870878
1873749
1891512
1878173
1869829
1861767
1887783
1871694
1874025
1879075
1869020
1890486
1877600
1889564
1861139
1871497
1866625
1872075
1878956
1879037
1879577
1879688
1882168
1880401
1868795
1867420
1877620
1854594
1879147
1878986
1875779
1866380
1877025
1874131
1876973
1871095
1880858
1875976
1864012
1879749
1884266
1870094
1884157
1877102
1872417
1876311
1879914
1873700
1886922
1880341
1880657
1882003
1877848
1873508
1875870
1880791
1876069
1880579
1866516
1876992
1871314
1876119
1864917
1875874
1879295
1872991
1880272
1870457
1883771
1862416
1883030
1876595
1868074
1873194
1883658
1884451
1866740
1882155
1866183
1887929
1870396
1875312
1871472
1885198
1871650
1887269
1872164
1870383
1871547
1866490
1872249
1873418
1880317
1876685
1878092
1868027
1876774
1883483
1878451
1870699
1881805
1873996
1880778
1875918
1879213
1875889
1882313
1873985
1875072
1883103
1863106
1883592
1866481
1880243
1864248
1880244
1881448
1876851
1865912
1860816
1873997
1878855
1870313
1885628
1878721
1870307
1874539
1871339
1876332
1861574
1868830
1876717
1866383
1867882
1873603
1882066
1874529
1868131
1881758
1871709
1884865
1875546
1872608
1862476
1878505
1879393
1873060
1868818
1869778
1888333
1872823
1878392
1865194
1876917
1873337
1880947
1867506
1872540
1865923
1872672
1872806
1872415
1870333
1886869
1868955
1888568
1873501
1879146
1872004
1869383
1871929
1881098
1865817
1876881
1875252
1870064
1871167
1875906
1880227
1877364
1868357
1882603
1866141
1870932
1871437
1871987
1880199
1879144
1871062
1876638
1876570
1865926
1867085
1869683
1878525
1884425
1871938
1869026
1878999
1880088
1871614
1872866
1877860
1889990
1872563
1882944
1877778
1872680
1870794
1869001
1869874
1872598
1875612
1879035
1871670
1876731
1863526
1874091
1875130
1881752
1876850
1872328
1874426
1871158
1869689
1869623
1867307
1868354
1860900
1879361
1874464
1872062
1867095
1874754
1876724
1864342
1879844
1866712
1885832
1863874
1860168
1878416
1877015
1885267
1871638
1873389
1883365
1876272
1872698
1866645
1880054
1884747
1874042
1885726
1872420
1867244
1881119
1870434
1872173
1864264
1872963
1874834
1878337
1877886
1867171
1876060
1887350
1872069
1877350
1888494
1890861
1878804
1883948
1871494
1879192
1866150
1869897
1877802
1854764
1872627
1884281
1876798
1869015
1868365
1863018
1874841
1867208
1878710
1864841
1880126
1873935
1872287
1876459
1870501
1875447
1880356
1878170
1874409
1871028
1878290
1869762
1878110
1869967
1874799
1871769
1882899
1872150
1873593
1873131
1865849
1864428
1877199
1885088
1862780
1881901
1871927
1877507
1879055
1866870
1867929
1882224
1867728
1864573
1877197
1875771
1876831
1872698
1877178
1868080
1875454
1873017
1865706
1877597
1862916
1884072
1888618
1875511
1872989
1873606
1870539
1870033
1877706
1880037
1872408
1872203
1866830
1865877
1885786
1873052
1873620
1880198
1879083
1876911
1878663
1870750
1889216
1868970
1875937
1878309
1873756
1883342
1876357
1865545
1880806
1871719
1873843
1879283
1872773
1863534
1870891
1872974
1877656
1874602
1875373
1873852
1878213
1883278
1870921
1869049
1875832
1889447
1893293
1876161
1873574
1871028
1878076
1871626
1870737
1890636
1876532
1881882
1876543
1886997
1887671
1876834
1884739
1874096
1869509
1886581
1875787
1871388
1873570
1868090
1869088
1877902
1871541
1890652
1883354
1887399
1868296
1876857
1884522
1870487
1873060
1874541
1868416
1861770
1882888
1888347
1871009
1871445
1877012
1885690
1868847
1881437
1877334
1877150
1875133
1877960
1865483
1868410
1873244
1870018
1868210
1880885
1880314
1875407
1868613
1874817
1871814
1875199
1883416
1884268
1873342
