7509246
7498673
7513890
7461979
7509196
7542698
7488826
7491111
7510226
7520083
7505059
7497490
7503750
7527618
7513112
7545235
7492910
7519920
7482564
7496617
7484067
7506440
7503513
7500826
7517325
7525463
7510125
7529078
7475881
7523606
7504521
7498611
7547588
7490975
7521913
7481173
7496498
7526698
7476453
7507824
7478609
7513143
7506643
7503321
7517966
7510335
7481139
7497681
7501510
7503486
7498015
7484895
7522977
7528132
7530130
7520456
7511971
7499696
7462724
7538292
7498272
7524847
7521587
7496648
7486684
7507369
7497500
7537320
7504892
7528048
7515699
7461125
7488898
7494865
7466048
7495198
7500259
7503023
7487612
7507155
7497742
7520865
7526086
7502912
7481928
7478465
7514510
7498945
7512954
7527221
7505283
7510493
7527892
7500752
7488580
7512999
7519850
7519271
7497403
7490601
7483303
7504978
7522430
7542968
7505787
7475732
7507463
7515200
7491181
7512032
7489872
7526265
7507915
7527748
7501130
7507839
7485951
7493872
7542647
7524738
7515767
7503000
7502281
7541674
7499445
7517597
7506983
7477237
7523036
7534872
7493313
7557622
7479550
7505486
7527518
7512899
7494427
7506527
7512369
7501357
7508841
7480285
7517331
7507499
7515462
7476064
7482802
7497682
7506914
7484538
7507498
7477325
7502083
7510805
7497443
7514844
7539167
7481484
7513858
7505309
7493669
7518478
7523605
7519048
7488256
7531755
7477915
7479251
7472686
7517630
7535784
7509283
7476778
7503850
7508502
7526853
7500499
7518138
7533714
7502574
7532964
7488654
7461053
7506346
7520786
7478453
7507478
7508500
7509916
7512178
7513625
7505991
7520714
7495757
7455098
7518327
7518388
7507121
7480746
7475828
7485104
7501410
7493828
7495202
7497922
7529112
7506405
7527427
7503907
7510530
7500891
7501758
7502599
7502357
7507316
7477750
7493669
7541007
7522496
7491676
7494068
7505847
7504012
7474946
7505537
7497896
7510344
7485378
7520899
7503460
7521830
7514716
7480112
7508107
7476792
7514870
7519597
7484140
7494042
7518521
7507901
7512027
7490251
7537631
7508022
7490117
7534023
7499306
7489470
7499815
7498093
7490125
7519937
7524525
7506966
7501295
7500762
7514876
7510045
7507510
7515155
7487193
7481938
7498914
7497472
7514546
7525227
7487199
7498298
7501673
7510538
7515321
7491186
7501271
7521790
7493224
7503507
7508746
7484558
7504457
7537475
7490231
7492096
7563043
7495090
7510789
7499496
7522285
7496886
7525894
7526881
7514726
7522416
7514749
7511510
7505193
7514428
7511722
7501186
7500526
7549175
7476137
7464964
7512586
7532555
7526287
7565184
7497423
7514274
7507098
7508783
7505698
7540710
7513779
7529456
7523608
7479955
7466385
7511896
7523166
7502298
7479482
7500799
7506074
7470127
7506834
7489502
7526808
7504972
7491653
7493533
7510928
7488768
7502810
7524799
7506764
7482307
7506258
7504630
7504295
7492432
7508332
7485974
7501510
7507189
7501291
7511028
7491766
7501769
7506972
7492040
7524524
7495490
7500496
7519306
7488086
7521648
7493990
7487895
7482913
7516863
7499891
7524568
7532416
7507814
7507112
7480915
7513994
7495393
7479841
7512518
7518089
7488855
7516567
7483579
7500110
7500432
7503213
7505158
7484868
7516820
7489045
7506089
7501909
7446923
7523644
7503042
7497029
7476269
7508994
7523128
7516773
7543898
7515581
7514411
7507355
7484453
7495846
7496600
7499976
7479170
7505874
7486277
7461161
7526754
7493739
7524269
7507312
7518143
7518010
7510116
7529235
7536468
7505178
7520882
7534414
7502470
7472025
7522548
7526632
7463937
7514678
7528622
7509155
7482371
7528003
7514748
7507663
7511850
7501138
7500860
7497287
7506056
7530542
7501496
7494850
7502740
7494656
7498194
7500555
7516999
7512608
7472036
7520229
7473710
7478005
7505689
7489539
7485237
7508952
7521242
7492384
7512739
7515216
7483775
7476540
7489379
7503344
7497170
7503604
7507913
7523241
7490032
7493366
7512170
7490280
7502292
7508318
7492205
7481651
7484502
7517417
7482439
7483922
7511496
7520420
7520895
7509108
7509346
7491558
7507095
7492996
7532672
7514317
7522565
7492199
7533391
7478753
7497851
7514248
7510829
7516079
7522921
7505324
7483626
7488673
7508556
7510681
7470882
7512338
