999800
988658
1007061
984746
1003829
1012176
971374
1004585
1016367
1000905
981066
980626
1002438
1005470
986828
1004417
991472
1011390
986786
999694
998646
1007688
1000542
999762
1007891
1020437
992675
998880
994148
967506
1000194
996745
1015054
1024532
978097
990652
1022427
1014932
1015736
990328
985323
987612
985244
989497
990665
1004226
1009466
991271
1034560
1013963
984246
1002658
1029683
994998
999329
1005030
1017227
1006508
1027721
1006039
985244
1015001
976748
988359
1004515
1022728
975633
1002910
999753
1005345
995254
978553
999208
998784
970543
990452
998537
984703
1003045
987930
982283
995303
994594
1000382
960529
997473
989628
988127
1007526
1016655
984658
1000203
1007404
992624
981038
977256
992792
969901
1019630
1028270
1002666
1011194
998578
1015829
1009010
981172
995827
981144
1005744
1035602
975176
1021898
986025
1012020
983573
981304
971686
1034885
963082
1002941
994565
984314
1036418
1012642
997868
1004148
1010741
1029398
1013689
1021473
1002779
1001650
1003710
1006553
999524
1008493
999462
987482
993921
986447
972695
1024490
999623
1032909
1017267
1012512
1002407
1002612
989227
1020670
1009521
982859
1018097
996352
998060
975306
1009653
1027248
1018019
982323
994058
1002117
1009777
993675
1018405
984075
976040
988046
997159
979278
1002939
1006024
1012211
1001018
1004058
1021419
1002232
1012532
990238
1012782
990896
1023050
1011979
995987
1019117
1002043
982797
985504
995441
993017
1002940
1027066
1017091
985946
984810
1021047
992347
970826
1012784
1020311
1007628
1004057
1017136
989605
1003232
992743
1008081
1016713
1005437
987738
978170
990162
1013595
997857
1003756
1015282
979445
996354
991885
1008252
1000912
1014384
997639
1000044
1007635
985971
1001641
978655
970290
981599
1015810
1002376
1001432
980486
991053
996533
992196
1015082
989386
993675
994142
988608
1003212
999921
987370
1000154
1016919
959063
1019227
990623
991444
978611
998606
1029110
1012267
1010368
993163
1005983
1026356
981746
1002505
993320
990348
1005635
1015355
1008229
972387
999471
976191
997191
1001933
986427
995866
987806
1004790
986959
985363
1006436
1003259
1009857
998808
996892
1002318
1004895
981940
1004704
967182
1006400
1022473
981869
991208
1003978
987415
1002168
978297
1006500
1026482
1003683
987815
1015261
1013633
1001940
1013492
994102
989904
1009939
1011938
1009436
989726
997923
973652
1004998
968802
984006
1011359
971911
994963
1012191
1007511
970524
994634
985222
997845
1006582
1006844
1016342
1014819
994327
1031954
979212
999080
1005537
1003633
999333
1008309
1026565
999106
998747
988805
995728
1025705
1004033
999866
978086
999056
990113
999594
981685
986314
1004641
1000313
990457
999424
1009507
1005818
988756
969836
1013874
987175
1008144
996454
979716
979441
1005889
1009004
1026273
1015549
984049
1018804
985600
1011291
1006798
996346
984026
984920
1012508
998150
988702
989082
991398
983986
971329
990388
991967
1026197
1000050
1013875
976421
1017227
1017567
988964
993366
1021955
1029605
997187
995401
1002056
1035326
995794
992858
1025191
967511
993659
986222
1009376
1005304
996803
992457
984638
1010083
999607
997864
1005649
980538
980740
1004544
986366
978987
1009133
992868
997787
1021831
1027127
1007995
991319
975187
1004520
1005941
1031695
1001451
999172
1009960
969633
999723
1015819
1026833
1012679
994097
1025456
1047453
1014060
973918
996505
1000223
998238
1009414
998396
998768
1012314
994323
1000987
1004391
981536
987134
1019999
983628
1005385
987249
985020
978657
986678
1000605
986647
994261
1024856
994563
990499
1017446
1000846
982013
1009177
992298
999537
1011763
993198
994561
986746
1007285
1028590
978310
981004
978544
993732
994050
986251
999112
1023394
1001446
1014671
994351
1035279
997147
1014728
1008647
1000703
988013
986023
1004884
976496
987703
