2272395
2179893
2227610
2217442
2282386
2250835
2265325
2201758
2267736
2231105
2246594
2266195
2201828
2256963
2266390
2231059
2257731
2254052
2280567
2267535
2248148
2231914
2211848
2256083
2257622
2272139
2279208
2259942
2256613
2263171
2241827
2266172
2266199
2285728
2274461
2250215
2236377
2264602
2268207
2232290
2255960
2268517
2296555
2267469
2250764
2282566
2239613
2234005
2251968
2229584
2250579
2245530
2248251
2344734
2220456
2213010
2204535
2285054
2218631
2288389
2236954
2268776
2315895
2303594
2267760
2232891
2251365
2265900
2273072
2260892
2263362
2260731
2235662
2258311
2260957
2240186
2254607
2228241
2240390
2233627
2215695
2192831
2231860
2269610
2264789
2261496
2262852
2267170
2226649
2250592
2283145
2266898
2279955
2239349
2259077
2213876
2237381
2194627
2279772
2284839
2267865
2228917
2242043
2225879
2162115
2268972
2272802
2174829
2280974
2229979
2266291
2269174
2239772
2198534
2206449
2274278
2262602
2244571
2279526
2227157
2238165
2214070
2263414
2206525
2233067
2202952
2248866
2259015
2236420
2278060
2209279
2262049
2281251
2237893
2223607
2256626
2277444
2261910
2230184
2191385
2218424
2246981
2242272
2232046
2231465
2274372
2242158
2216484
2269403
2232350
2211063
2235689
2269858
2282687
2219192
2227610
2200248
2244428
2233666
2204130
2262043
2237332
2271885
2231087
2259054
2242211
2237239
2277778
2243873
2258886
2241397
2266842
2245592
2208480
2317859
2261857
2277813
2230464
2254978
2234291
2229028
2265455
2246375
2269692
2241184
2222705
2258903
2236352
2279518
2313259
2223783
2219425
2294286
2239377
2232346
2247474
2271619
2273920
2249322
2280029
2248850
2257760
2207225
2241681
2253821
2252390
2238952
2270012
2201019
2253324
2275483
2239806
2247577
2253626
2282830
2225073
2295340
2245725
2279008
2219085
2268582
2229871
2242109
2235767
2295420
2221846
2273051
2273277
2249230
2236374
2284444
2248776
2249364
2230721
2238164
2261990
2215887
2262060
2200102
2278340
2211338
2271243
2224354
2236704
2267250
2226799
2261596
2217135
2246189
2238751
2296972
2244275
2282736
2260396
2255287
2272788
2221799
2250540
2213004
2234727
2230159
2284228
2204024
2259456
2248036
2284224
2230606
2256352
2269702
2283285
2281249
2248799
2235837
2293242
2270647
2187010
2207026
2244786
2227343
2240931
2203411
2214208
2247995
2197091
2235647
2276622
2254509
2249639
2299735
2182626
2285914
2226383
2212227
2257382
2233776
2287237
2224099
2218197
2252585
2280604
2280261
2278152
2237003
2272893
2263258
2243538
2222068
2262475
2263015
2270470
2247978
2230543
2191422
2202490
2182516
2243835
2220915
2293630
2224377
2298392
2257295
2236364
2259845
2281616
2226220
2237542
2241392
2287494
2226122
2291825
2260175
2227850
2273434
2236182
2202555
2271558
2219181
2252775
2238689
2233688
2186510
2211320
2226618
2208059
2265980
2263438
2226657
2213881
2281384
2283610
2268355
2279418
2244799
2240751
2274416
2227473
2206026
2281605
2307796
2221279
2245326
2215632
2209972
2265876
2257053
2255572
2281565
2226463
2217779
2237661
2324322
2253146
2247309
2300056
2242955
2263759
2236867
2191203
2242187
2255826
2245590
2221963
2177906
2250275
2263482
2256424
2280222
2259669
2255299
2245994
2266515
2262187
2293973
2245389
2262387
2194292
2247740
2266990
2237051
2202210
2234572
2281638
2245886
2255896
2289653
2235552
2262384
2261211
2195309
2205059
2257568
2204062
2281651
2226044
2184395
2242883
2255155
2235272
2245854
2207823
2219699
2248938
2283546
2264084
2270948
2264950
2290606
2251226
2258845
2231930
2252230
2239555
2197673
2273311
2198144
2275704
2226336
2285298
2227772
2259546
2232922
2255623
2248141
2207847
2239468
2246343
2306028
2222499
2273536
2219526
2242928
2256537
2271781
2220737
2243178
2250632
2271450
2285246
2226950
2241944
2208850
2258688
2232691
2247540
2255345
2258046
2290320
2215734
2302738
2238248
2244480
2262778
2283655
2258791
2230834
2251113
2263118
2263671
2264584
2272761
2280181
2250977
2219224
2225875
2212150
2260031
2256308
2239061
2222328
2234295
2269971
2290864
2250980
2223975
2232786
2230847
2226367
2291504
2261799
2265410
