3962795
4020852
4000051
3989777
4031658
4013036
3981733
3977321
3997897
4069101
4016565
4047150
3955888
4045170
3969095
3939840
3935195
3973483
3990808
3998364
4038570
4111199
3954050
3954323
4030003
4004722
3954639
3966330
4034872
3939543
4051251
3981988
4063825
3970715
3987709
4006949
3979743
3929193
4006785
4034120
4006431
4036175
4035583
4033344
4022021
3966036
3980346
3985234
3984073
4032198
3975959
3977045
4055695
3977969
4040678
3907675
3999024
3992019
3993103
4013599
3980677
4022594
3954827
4031325
3984942
3962128
3986295
4059612
3961532
4001529
3999332
4020916
4023802
3943096
4029161
3973196
4001957
4008351
3942180
3983465
4030275
4052781
4045824
3950775
4008198
3981764
3954205
4011138
3995625
4024010
4003146
3969527
4008382
4013828
4039076
4032798
3978356
4030858
4000708
4035430
4007650
4041925
4032858
3903417
3973335
4023708
3957905
4015658
4022599
3953249
4069682
3942604
4010942
4023236
3932168
4139350
3976890
4033409
3985468
3975548
3973384
3922568
3998004
3966122
4060188
4065191
4062605
3969719
3952810
3991049
3985339
4029655
4003416
4046582
3944147
4016509
4086651
4047065
4023113
4073331
3986399
4034745
4032349
3962797
3974859
4050753
4007621
3968425
3983344
3983318
3998733
4024661
4002188
3966818
3962159
3985373
4055368
3953003
3923654
3951111
4065907
3885693
4032993
4036966
3935505
4079634
3940438
3951774
4025004
4053743
4042971
3984378
4040235
3977374
3989253
3935105
4037656
3985634
4045304
3996632
3988708
3992262
4028034
4023289
4012815
3961660
4034292
4018232
3957115
3977321
4010401
4007451
3984339
3990009
3968813
3991703
3994333
3991946
4020309
3992920
3949010
4046131
4030910
3979464
3954672
4006167
4012001
4027965
4013180
4039352
4049274
3971602
3949650
3987548
3940281
3899342
4076476
4012896
4006916
3923599
4067877
4050841
3948006
4084213
3985490
4016102
3984538
4044863
3963415
4001529
4039476
4008493
3953451
4011998
4079860
4025646
4099301
3952798
4068721
3965639
3967901
4033170
3982183
4013494
3941536
4026974
4063914
4042010
3934479
4008991
4031853
3916890
3966954
4023683
3995400
3906035
3971596
3985495
3959236
4022468
4096941
4077672
3990021
3949463
3996669
3969626
4014388
4080249
4019438
3994498
4051207
4074418
4005376
3946629
3993028
4048701
3940686
4044359
4014451
4047359
3929600
3991069
4005356
3988557
3930725
3916765
3957715
3983451
3974630
3980065
3936686
4022042
3977252
4010281
4045557
4053669
3959034
3967222
3857827
3978412
4006649
4013624
4039710
4135175
3949060
4093797
4081722
3989760
4050817
4080892
3960068
4009537
4014528
4032547
3984671
3971603
4013167
3984134
4005163
4010479
4040514
4069049
3969361
4059966
4006026
4001160
4065021
4018319
4016669
4016900
4002999
3893883
3996278
3860612
4019704
4031941
3990865
3957093
3995717
4027335
4010374
4018183
4047772
3990620
4002197
3986360
3999321
4066709
4054060
4009117
4091726
3979164
4001622
4005266
3979910
3982235
3958589
4014060
3996427
3975440
3973734
4003917
4067594
3981052
4035938
4043994
3971457
4067555
3984377
4075479
3989169
4043504
4008364
4035118
3997981
4026088
3976381
3968037
3974736
4031253
4046661
3974188
3981905
4042939
3977519
3973966
3927374
3978946
3979147
4097581
4006153
3980374
4024004
4016869
3952118
3993989
3999769
3891395
3985032
4072379
3970168
3956513
4021740
3961600
4016527
3995773
4000298
3998671
4018187
3949116
3967033
4044195
3999620
3903321
4036187
3955148
3991421
4059701
4098519
3973739
4068154
3994355
4015057
3947971
3984587
3944722
4055451
3993160
3955157
3996929
4049862
4019065
4087888
4011899
3939130
3977363
4061105
3985354
3952280
4005215
4063275
4057221
4009815
3991410
4043760
4100626
4097190
3966848
4007858
4003400
4018690
3998350
3990235
3978294
3957231
4079980
4006364
4006844
4045042
4009578
3955042
4009888
4005762
3974879
4021081
3936600
4032574
3977468
3926082
3929109
3977313
3980103
4009056
3986185
4021382
4001630
4036798
3992096
3974050
4030491
3991359
4052744
3988999
3980852
3952802
3931517
3998097
4031337
3940889
3979664
4028165
4063752
4004368
4023752
4045850
4019978
3989802
3960583
4043235
3956546
