4498348
4498343
4498350
4498367
4498345
4498344
4498344
4498335
4498339
4498370
4498344
4498360
4498368
4498347
4498348
4498359
4498331
4498361
4498360
4498342
4498334
4498371
4498338
4498344
4498338
4498362
4498352
4498348
4498359
4498348
4498361
4498335
4498351
4498372
4498339
4498361
4498368
4498360
4498352
4498350
4498322
4498354
4498359
4498358
4498354
4498350
4498337
4498315
4498350
4498360
4498342
4498349
4498348
4498343
4498356
4498332
4498339
4498331
4498331
4498351
4498360
4498356
4498331
4498377
4498342
4498343
4498352
4498344
4498365
4498343
4498346
4498340
4498350
4498352
4498345
4498343
4498331
4498358
4498366
4498334
4498357
4498353
4498356
4498357
4498343
4498345
4498361
4498362
4498356
4498359
4498353
4498330
4498358
4498358
4498347
4498346
4498323
4498379
4498359
4498359
4498360
4498348
4498344
4498372
4498374
4498361
4498357
4498352
4498361
4498325
4498351
4498369
4498370
4498351
4498377
4498344
4498340
4498350
4498331
4498340
4498328
4498369
4498337
4498342
4498368
4498371
4498349
4498353
4498325
4498349
4498361
4498342
4498348
4498353
4498358
4498355
4498354
4498351
4498329
4498348
4498365
4498338
4498350
4498363
4498360
4498350
4498352
4498326
4498343
4498345
4498350
4498346
4498344
4498346
4498358
4498354
4498343
4498349
4498383
4498351
4498340
4498351
4498362
4498335
4498319
4498323
4498352
4498348
4498322
4498377
4498342
4498353
4498364
4498344
4498361
4498361
4498350
4498338
4498338
4498356
4498349
4498350
4498341
4498363
4498368
4498349
4498318
4498357
4498369
4498345
4498364
4498338
4498355
4498354
4498335
4498359
4498353
4498350
4498334
4498340
4498340
4498332
4498346
4498342
4498340
4498336
4498357
4498336
4498346
4498360
4498338
4498355
4498350
4498354
4498342
4498371
4498364
4498347
4498349
4498359
4498342
4498353
4498352
4498341
4498343
4498329
4498325
4498345
4498340
4498358
4498352
4498350
4498362
4498329
4498352
4498351
4498342
4498331
4498341
4498362
4498352
4498363
4498349
4498352
4498337
4498346
4498343
4498350
4498346
4498346
4498366
4498368
4498375
4498353
4498339
4498330
4498353
4498342
4498352
4498345
4498367
4498357
4498342
4498326
4498342
4498353
4498379
4498335
4498385
4498362
4498353
4498347
4498340
4498339
4498345
4498344
4498351
4498343
4498335
4498349
4498352
4498354
4498349
4498333
4498361
4498358
4498345
4498340
4498344
4498353
4498339
4498359
4498340
4498354
4498347
4498350
4498345
4498346
4498347
4498346
4498362
4498356
4498370
4498336
4498363
4498343
4498341
4498365
4498330
4498335
4498360
4498367
4498346
4498354
4498357
4498354
4498343
4498352
4498351
4498356
4498347
4498356
4498351
4498365
4498364
4498347
4498340
4498357
4498340
4498355
4498330
4498341
4498358
4498343
4498349
4498351
4498377
4498344
4498351
4498344
4498345
4498336
4498351
4498346
4498333
4498333
4498345
4498374
4498351
4498341
4498360
4498349
4498357
4498381
4498348
4498358
4498357
4498378
4498355
4498344
4498367
4498360
4498336
4498374
4498347
4498368
4498360
4498339
4498353
4498354
4498317
4498353
4498351
4498371
4498358
4498351
4498337
4498339
4498344
4498353
4498345
4498327
4498366
4498361
4498355
4498332
4498349
4498347
4498342
4498361
4498339
4498353
4498350
4498335
4498362
4498369
4498336
4498360
4498346
4498368
4498372
4498349
4498357
4498346
4498355
4498349
4498354
4498363
4498329
4498374
4498350
4498344
4498364
4498340
4498352
4498314
4498339
4498349
4498339
4498369
4498366
4498353
4498339
4498355
4498349
4498340
4498351
4498362
4498340
4498353
4498358
4498352
4498338
4498350
4498341
4498347
4498336
4498341
4498338
4498336
4498354
4498355
4498368
4498352
4498340
4498369
4498380
4498357
4498331
4498361
4498335
4498372
4498344
4498309
4498358
4498366
4498338
4498345
4498333
4498367
4498347
4498364
4498355
4498352
4498348
4498355
4498345
4498342
4498327
4498345
4498332
4498339
4498354
4498357
4498331
4498342
4498335
4498358
4498343
4498337
4498348
4498357
4498346
4498352
4498333
4498359
4498364
4498337
4498356
4498357
4498362
4498366
4498344
4498357
4498339
4498352
4498343
4498352
4498364
4498366
