7997802
7997790
7997830
7997795
7997793
7997792
7997786
7997803
7997811
7997807
7997801
7997777
7997804
7997808
7997790
7997795
7997806
7997778
7997794
7997775
7997797
7997805
7997792
7997808
7997798
7997804
7997798
7997813
7997814
7997782
7997777
7997813
7997798
7997757
7997813
7997788
7997791
7997798
7997798
7997790
7997829
7997810
7997793
7997800
7997778
7997795
7997793
7997780
7997810
7997805
7997825
7997786
7997797
7997802
7997772
7997763
7997795
7997820
7997794
7997811
7997808
7997784
7997807
7997815
7997795
7997791
7997795
7997787
7997776
7997796
7997791
7997820
7997807
7997780
7997795
7997814
7997773
7997791
7997804
7997794
7997798
7997810
7997801
7997785
7997783
7997807
7997787
7997803
7997814
7997778
7997803
7997781
7997805
7997801
7997793
7997794
7997804
7997811
7997803
7997794
7997793
7997781
7997798
7997816
7997792
7997830
7997791
7997814
7997799
7997819
7997805
7997759
7997807
7997803
7997802
7997814
7997799
7997805
7997772
7997800
7997779
7997829
7997799
7997783
7997793
7997806
7997792
7997804
7997795
7997786
7997811
7997787
7997801
7997813
7997785
7997806
7997825
7997803
7997831
7997807
7997813
7997787
7997799
7997812
7997806
7997795
7997827
7997798
7997796
7997768
7997812
7997815
7997786
7997832
7997804
7997807
7997787
7997786
7997754
7997810
7997824
7997786
7997796
7997777
7997804
7997801
7997801
7997768
7997804
7997808
7997820
7997787
7997830
7997803
7997783
7997782
7997799
7997814
7997794
7997797
7997785
7997801
7997792
7997793
7997781
7997783
7997791
7997790
7997798
7997784
7997786
7997807
7997785
7997801
7997788
7997794
7997843
7997793
7997803
7997802
7997829
7997799
7997811
7997809
7997835
7997777
7997793
7997805
7997783
7997795
7997798
7997803
7997793
7997798
7997830
7997806
7997781
7997792
7997780
7997791
7997793
7997759
7997808
7997801
7997814
7997796
7997810
7997807
7997793
7997800
7997815
7997782
7997801
7997796
7997794
7997806
7997799
7997787
7997821
7997801
7997780
7997791
7997799
7997777
7997793
7997790
7997776
7997796
7997837
7997812
7997771
7997794
7997801
7997783
7997791
7997803
7997777
7997813
7997784
7997786
7997808
7997783
7997817
7997806
7997801
7997778
7997764
7997805
7997783
7997803
7997824
7997787
7997830
7997828
7997828
7997797
7997790
7997810
7997820
7997798
7997795
7997793
7997804
7997825
7997799
7997793
7997818
7997808
7997776
7997800
7997809
7997774
7997801
7997793
7997811
7997793
7997787
7997813
7997782
7997806
7997802
7997801
7997803
7997822
7997791
7997775
7997808
7997801
7997828
7997816
7997785
7997808
7997793
7997801
7997793
7997801
7997821
7997788
7997780
7997803
7997788
7997806
7997778
7997794
7997804
7997793
7997783
7997817
7997806
7997775
7997800
7997809
7997801
7997781
7997812
7997832
7997796
7997796
7997789
7997760
7997774
7997771
7997803
7997791
7997826
7997798
7997819
7997809
7997791
7997806
7997775
7997763
7997790
7997802
7997805
7997814
7997797
7997796
7997811
7997781
7997805
7997807
7997808
7997811
7997782
7997799
7997777
7997797
7997798
7997771
7997811
7997814
7997815
7997797
7997785
7997786
7997782
7997799
7997801
7997814
7997807
7997801
7997779
7997805
7997834
7997789
7997802
7997778
7997824
7997809
7997811
7997797
7997805
7997791
7997783
7997793
7997794
7997786
7997809
7997808
7997798
7997785
7997807
7997795
7997794
7997781
7997789
7997816
7997809
7997835
7997811
7997807
7997799
7997809
7997793
7997780
7997796
7997783
7997795
7997811
7997791
7997822
7997821
7997811
7997810
7997782
7997801
7997804
7997805
7997798
7997809
7997773
7997816
7997796
7997804
7997785
7997804
7997775
7997819
7997797
7997817
7997821
7997784
7997781
7997794
7997789
7997814
7997810
7997818
7997806
7997825
7997785
7997815
7997825
7997798
7997787
7997810
7997796
7997794
7997779
7997800
7997794
7997821
7997822
7997803
7997819
7997795
7997791
7997804
7997785
7997777
7997826
7997799
7997823
7997790
7997773
7997794
7997800
7997783
7997818
7997787
7997781
7997794
7997804
7997805
7997804
7997815
7997805
7997789
7997810
7997844
7997809
7997781
7997819
7997792
7997805
7997812
7997783
7997777
7997790
