1998888
1998889
1998894
1998905
1998895
1998905
1998894
1998909
1998893
1998911
1998908
1998886
1998899
1998914
1998904
1998887
1998896
1998893
1998922
1998908
1998916
1998895
1998917
1998923
1998908
1998903
1998893
1998905
1998912
1998898
1998901
1998897
1998902
1998901
1998884
1998912
1998905
1998893
1998915
1998907
1998894
1998904
1998904
1998901
1998908
1998893
1998895
1998912
1998904
1998895
1998890
1998900
1998900
1998902
1998897
1998885
1998897
1998901
1998900
1998911
1998921
1998906
1998897
1998904
1998897
1998907
1998904
1998907
1998904
1998907
1998891
1998901
1998894
1998891
1998888
1998922
1998896
1998889
1998909
1998888
1998885
1998903
1998913
1998902
1998913
1998913
1998887
1998889
1998907
1998904
1998906
1998896
1998893
1998907
1998900
1998899
1998896
1998873
1998906
1998887
1998909
1998896
1998905
1998893
1998903
1998901
1998915
1998902
1998878
1998889
1998903
1998898
1998902
1998908
1998909
1998911
1998903
1998910
1998900
1998889
1998914
1998905
1998899
1998908
1998887
1998897
1998894
1998904
1998884
1998912
1998902
1998895
1998893
1998892
1998896
1998894
1998904
1998906
1998899
1998898
1998883
1998882
1998887
1998890
1998874
1998905
1998903
1998902
1998882
1998901
1998896
1998899
1998877
1998885
1998908
1998915
1998897
1998907
1998898
1998899
1998925
1998902
1998891
1998896
1998904
1998896
1998903
1998904
1998884
1998896
1998895
1998914
1998904
1998920
1998892
1998905
1998905
1998912
1998910
1998897
1998889
1998903
1998901
1998913
1998894
1998888
1998896
1998912
1998911
1998912
1998903
1998885
1998905
1998896
1998893
1998890
1998912
1998897
1998887
1998895
1998884
1998893
1998904
1998899
1998905
1998891
1998892
1998905
1998912
1998898
1998890
1998908
1998886
1998896
1998899
1998890
1998908
1998892
1998901
1998907
1998909
1998890
1998914
1998885
1998892
1998902
1998888
1998903
1998904
1998899
1998910
1998897
1998899
1998919
1998893
1998907
1998900
1998875
1998906
1998885
1998898
1998909
1998906
1998910
1998911
1998898
1998907
1998891
1998901
1998897
1998903
1998891
1998902
1998911
1998903
1998893
1998908
1998901
1998890
1998911
1998901
1998900
1998909
1998906
1998903
1998904
1998896
1998905
1998918
1998902
1998890
1998910
1998884
1998903
1998900
1998908
1998900
1998911
1998899
1998909
1998907
1998900
1998905
1998912
1998880
1998894
1998900
1998905
1998900
1998913
1998917
1998903
1998900
1998900
1998899
1998887
1998887
1998911
1998909
1998886
1998891
1998891
1998896
1998899
1998911
1998895
1998901
1998895
1998919
1998902
1998891
1998899
1998908
1998912
1998917
1998877
1998902
1998911
1998892
1998906
1998903
1998883
1998901
1998898
1998901
1998900
1998894
1998896
1998887
1998892
1998905
1998901
1998904
1998886
1998891
1998887
1998894
1998901
1998908
1998909
1998894
1998911
1998900
1998911
1998912
1998904
1998898
1998913
1998892
1998924
1998899
1998887
1998888
1998892
1998895
1998898
1998890
1998875
1998895
1998884
1998922
1998902
1998883
1998892
1998909
1998880
1998909
1998899
1998921
1998892
1998887
1998913
1998913
1998912
1998895
1998903
1998912
1998894
1998912
1998914
1998886
1998900
1998886
1998873
1998882
1998904
1998889
1998887
1998893
1998891
1998918
1998900
1998903
1998891
1998890
1998917
1998906
1998902
1998911
1998907
1998898
1998888
1998882
1998898
1998911
1998905
1998908
1998898
1998891
1998880
1998904
1998897
1998894
1998900
1998918
1998886
1998900
1998902
1998897
1998887
1998897
1998883
1998907
1998924
1998899
1998879
1998911
1998899
1998897
1998904
1998908
1998901
1998908
1998887
1998898
1998889
1998893
1998902
1998889
1998901
1998907
1998894
1998892
1998916
1998907
1998896
1998913
1998903
1998876
1998878
1998894
1998912
1998908
1998907
1998895
1998901
1998907
1998892
1998898
1998902
1998889
1998904
1998897
1998888
1998887
1998892
1998898
1998909
1998894
1998897
1998890
1998912
1998885
1998891
1998893
1998890
1998899
1998891
1998911
1998894
1998913
1998893
1998893
1998899
1998902
1998891
1998902
1998902
1998894
1998903
1998888
1998893
1998905
1998904
1998899
1998894
1998901
1998895
1998888
1998893
