499443
499449
499446
499447
499446
499447
499466
499448
499452
499446
499445
499447
499455
499438
499441
499455
499451
499439
499449
499460
499444
499449
499455
499447
499450
499458
499457
499444
499450
499454
499459
499443
499452
499458
499438
499445
499442
499446
499448
499465
499460
499454
499459
499453
499451
499447
499448
499455
499446
499463
499453
499431
499459
499453
499452
499456
499449
499439
499447
499448
499457
499455
499462
499444
499447
499447
499462
499446
499461
499455
499435
499449
499431
499456
499445
499444
499443
499465
499454
499455
499439
499461
499454
499443
499456
499462
499454
499441
499454
499458
499449
499448
499457
499448
499461
499464
499441
499447
499439
499452
499465
499450
499448
499447
499450
499457
499448
499458
499444
499452
499451
499453
499450
499444
499448
499459
499462
499453
499456
499439
499444
499446
499460
499457
499442
499438
499451
499450
499460
499454
499457
499463
499450
499441
499444
499430
499440
499443
499440
499459
499453
499446
499455
499453
499454
499441
499445
499435
499455
499450
499455
499453
499458
499443
499447
499457
499450
499463
499458
499437
499457
499460
499443
499452
499454
499438
499454
499442
499452
499457
499458
499441
499434
499463
499450
499443
499446
499455
499462
499446
499457
499442
499451
499456
499442
499448
499447
499450
499458
499453
499451
499434
499441
499439
499445
499440
499444
499445
499443
499455
499452
499464
499446
499456
499452
499451
499453
499455
499456
499450
499446
499457
499454
499439
499439
499451
499458
499438
499453
499449
499456
499454
499456
499459
499447
499458
499444
499444
499469
499452
499456
499456
499454
499449
499453
499458
499452
499461
499458
499444
499447
499450
499450
499442
499457
499450
499444
499458
499453
499438
499447
499443
499452
499451
499453
499441
499445
499451
499461
499453
499445
499448
499450
499445
499451
499448
499447
499454
499458
499450
499442
499452
499439
499440
499445
499438
499456
499454
499446
499459
499460
499438
499444
499451
499449
499460
499455
499455
499443
499457
499455
499461
499446
499453
499454
499454
499463
499454
499436
499452
499458
499454
499454
499456
499452
499451
499453
499445
499452
499460
499455
499451
499453
499442
499452
499452
499444
499448
499462
499451
499453
499444
499455
499457
499453
499464
499453
499452
499453
499450
499452
499461
499456
499460
499457
499460
499451
499462
499460
499461
499452
499454
499446
499469
499444
499449
499435
499453
499452
499451
499449
499453
499452
499451
499434
499462
499451
499453
499444
499450
499447
499445
499454
499449
499455
499445
499451
499453
499446
499439
499449
499442
499431
499448
499452
499461
499434
499455
499447
499459
499438
499451
499440
499451
499452
499435
499463
499447
499453
499443
499458
499441
499461
499459
499456
499449
499460
499436
499444
499458
499450
499434
499462
499449
499451
499454
499447
499450
499438
499450
499450
499450
499457
499451
499444
499436
499454
499445
499454
499449
499437
499456
499459
499447
499452
499441
499451
499452
499466
499453
499445
499453
499430
499453
499455
499445
499454
499449
499434
499436
499446
499446
499465
499456
499457
499443
499460
499451
499438
499447
499461
499461
499450
499450
499462
499438
499450
499463
499452
499459
499467
499453
499452
499457
499453
499447
499438
499460
499448
499456
499456
499446
499441
499456
499462
499447
499452
499448
499443
499447
499454
499462
499442
499445
499443
499455
499448
499441
499460
499452
499451
499443
499446
499442
499450
499461
499443
499456
499450
499456
