251241
252848
256648
242594
252967
251092
252819
239635
246924
259099
250473
249373
255525
249405
251187
253200
248321
245588
240918
246914
255611
249888
254673
253859
246837
243771
248140
246137
252377
253433
247584
251499
249966
242102
255206
248643
250712
252744
249226
247979
249089
243605
250934
256139
253115
250770
251791
242399
237333
248248
249117
246781
244457
251154
243886
264848
249109
241728
248176
246584
257345
243700
253927
246282
237724
246292
249588
246889
242274
253513
256592
254488
253907
251453
251567
239990
248268
247336
238949
249046
240388
255181
249436
257042
238703
238339
244595
246376
249878
236107
247021
239496
239416
248243
243163
250672
254403
252542
256744
242523
246791
246703
246905
248571
238810
249288
249138
244118
240063
250051
252843
243735
251843
253492
245353
250604
252182
250207
243806
246303
242929
253870
252483
252335
254204
240994
257835
249762
248749
245461
241847
239843
247145
248582
237331
250006
249977
241768
241476
253236
249986
250019
250738
243907
250352
246777
250883
245801
253329
248654
256736
240795
251558
244293
251400
251690
252573
244049
244073
250479
237644
253304
249207
244854
248692
240469
247958
256121
246185
251048
259800
248338
247317
253890
246906
248470
251810
245429
244258
246370
250738
249416
244771
244566
252110
260967
256385
253891
249771
253902
249607
244626
248849
246220
251873
254463
250107
249868
253352
255915
252075
244464
246363
253209
248695
254034
246477
245881
241742
254772
245484
252750
258277
252987
239048
250473
248612
241467
252922
242507
251772
247057
246764
248036
248809
253621
250265
252601
243328
239604
255231
251048
249311
254464
252844
245145
253728
250056
254644
253079
250167
239154
244572
253775
250298
246055
249637
250317
262503
239149
249500
251668
250697
251564
246674
245542
255619
236253
258355
247674
250611
242859
253050
243025
245679
243086
250497
251425
238753
256449
251418
256973
253685
249031
249937
247730
245885
242953
250837
254399
240014
252284
246493
239557
238738
248315
245806
252289
245041
243312
254226
242336
252943
247668
253829
249494
246523
242626
254827
246638
249321
260217
248936
254756
252287
249441
257002
251912
248164
255524
249888
250566
251217
248055
257686
253919
256738
250366
239681
257385
252831
256366
256444
255450
245425
243922
252361
239539
249353
257511
240295
249692
249209
249804
248462
255474
240292
255837
256450
246498
247060
247327
257082
243418
251508
251917
254378
241529
258315
248569
251204
247702
245835
244843
249995
256498
254589
255041
247322
254579
251087
243856
264055
248033
247162
246866
249904
246666
246428
251968
242522
256191
242903
249272
255568
255288
258253
245714
254801
245142
238539
241501
244094
252848
248827
253684
245859
246204
248515
258374
238689
254064
244144
242152
248896
250320
250255
247957
258545
249041
244734
241855
247788
253117
250588
248324
245612
254183
257960
249172
250025
252885
248993
250178
243590
256739
241011
254375
241191
251232
253411
248363
243060
250181
238800
248108
244290
249830
250952
251525
249017
249672
249659
249599
252967
244440
243507
248664
256111
255373
248565
247781
248978
255378
245146
252291
254969
246626
248712
242986
247234
246374
257655
258339
249135
247351
253778
250306
252539
248780
242470
240061
243268
247781
254862
257769
249680
247021
243771
245200
260232
248613
247895
246832
250020
248096
250276
255605
251037
254231
243659
231585
243182
248248
248872
258415
254275
248129
248785
242756
246693
251829
238032
254454
248831
250787
252701
249715
244080
252471
