7729
7663
7695
7671
7589
7729
7668
7712
7597
7614
7714
7443
7676
7634
7724
7586
7890
7524
7754
7607
7553
7850
7793
7642
7512
7609
7778
7601
7644
7537
7571
7624
7612
7725
7792
7662
7702
7688
7522
7771
7564
7680
7778
7771
7849
7814
7614
7604
7713
7581
7722
7628
7619
7480
7747
7492
7445
7638
7599
7584
7592
7610
7848
7631
7860
7590
7755
7764
7502
7754
7477
7438
7726
7679
7648
7817
7595
7578
7387
7473
7768
7591
7553
7753
7687
7517
7486
7608
7717
7583
7511
7708
7723
7786
7726
7663
7759
7648
7574
7612
7681
7489
7627
7813
7510
7535
7758
7519
7525
7733
7632
7434
7719
7728
7700
7760
7694
7837
7569
7650
7573
7661
7815
7503
7790
7444
7537
7880
7669
7672
7793
7789
7687
7609
7688
7603
7606
7611
7466
7774
7790
7616
7687
7588
7740
7689
7664
7649
7759
7876
7671
7628
7668
7548
7524
7545
7547
7518
7532
7869
7690
7519
7489
7583
7819
7506
7613
7449
7781
7729
7754
7838
7775
7499
7501
7539
7837
7169
7653
7532
7626
7683
7583
7522
7486
7683
7768
7467
7563
7597
7604
7694
7687
7547
7760
7781
7608
7464
7800
7473
7599
7753
7583
7461
7635
7436
7749
7844
7610
7901
7594
7536
7486
7701
7674
7462
7589
7610
7396
7733
7756
7596
7654
7550
7504
7583
7778
7648
7648
7684
7492
7483
7595
7726
7579
7602
7777
7824
7347
7380
7587
7615
7777
7571
7832
7727
7756
7669
7579
7790
7817
7593
7585
7454
7641
7660
7466
7696
7829
7541
7557
7728
7665
7406
7441
7544
7420
7548
7866
7796
7591
7670
7767
7686
7736
7623
7678
7619
7786
7742
7616
7740
7798
7485
7637
7682
7397
7534
7579
7607
7923
7638
7550
7717
7487
7398
7476
7664
7654
7516
7677
7732
7665
7723
7603
7535
7446
7625
7543
7654
7602
7601
7763
7647
7570
7584
7600
7524
7656
7695
7429
7675
7798
7466
7499
7569
7605
7672
7721
7597
7313
7520
7768
7485
7611
7691
7603
7583
7621
7861
7719
7539
7748
7789
7600
7688
7428
7623
7670
7680
7795
7706
7801
7673
7709
7729
7578
7543
7602
7589
7666
7593
7720
7674
7863
7658
7649
7787
7784
7707
7550
7343
7518
7662
7612
7697
7451
7656
7584
7310
7576
7605
7584
7780
7696
7624
7853
7804
7379
7553
7608
7703
7745
7652
7702
7558
7663
7709
7716
7481
7533
7613
7711
7780
7626
7540
7633
7759
7846
7734
7522
7873
7754
7680
7873
7737
7756
7577
7693
7735
7610
7874
7760
7717
7688
7475
7807
7738
7811
7533
7692
7713
7649
7416
7772
7876
7425
7750
7785
7201
7703
7698
7469
7523
7677
7815
7441
7720
7735
7743
7842
7683
7578
7834
7432
7643
7550
7642
7518
7600
7538
7750
7537
7504
7736
7680
7316
7623
7460
7606
7730
7513
7842
7850
7770
7565
7656
7760
7330
7550
7586
7542
7653
7729
7662
7730
7516
7823
7658
7614
7420
7577
7680
7703
7834
7754
7855
7684
7511
7603
