17284
17380
16702
17105
17125
17233
17124
17251
17267
17460
17338
17537
17526
17028
17529
17401
17370
16856
16954
17541
17499
17295
17194
17145
17296
17387
17224
17569
17427
17071
17380
17100
17242
17476
17243
17394
17256
17209
17092
17413
17187
17154
17377
17275
17523
17358
17248
17028
17296
17554
17509
17120
17386
17045
17127
17323
17372
17432
17212
17588
17115
16993
17321
17274
17429
17536
17236
17144
17377
17270
17451
17243
17322
17340
17203
17390
17173
17347
17166
17299
17237
17360
17290
17173
16834
17007
16977
17041
17347
17520
17500
17525
17229
17366
17547
17247
17334
17077
17578
17219
17398
17554
17687
17547
17395
17494
17394
17279
17279
17059
16920
17202
17426
17174
17611
16983
16996
17248
17126
17330
17479
17622
17229
17283
17647
17302
17372
17417
17296
17092
17281
16980
17286
17328
17296
17276
17102
17382
17082
17542
17432
17147
17064
17234
17372
17336
17382
16869
16998
17543
17417
17365
17235
17148
17314
17318
17359
17432
17453
16766
17371
17421
17344
17166
17484
17242
17193
17311
17414
17166
17178
17634
17505
17528
17008
17243
17441
17290
17152
17267
17440
17400
16966
16988
17471
17270
17414
17541
17315
17548
17246
17465
17542
17545
17426
17362
17136
17435
17594
16831
17317
17180
17254
17334
17005
17333
17525
17122
17301
17400
17104
17139
16955
17655
17321
17263
16910
17140
17482
17397
17347
17235
17413
17154
17301
17260
17370
17204
17135
17042
17443
17643
17466
17363
17709
17493
17475
16980
17349
17632
17483
16923
17043
17358
17468
17341
17265
17101
17107
17301
17241
17333
17629
17319
17351
17410
17397
17325
16929
17379
17251
17303
17364
17304
17010
17398
17401
17137
17238
17415
17157
17527
17291
17522
17397
17127
17396
17123
17262
17539
17252
17330
17080
17203
17405
17429
17165
17240
17513
17394
17426
17377
17009
17213
17161
17305
17030
17159
17423
17212
16914
16962
17620
17211
17134
17406
17217
17016
17325
17374
16967
17276
17348
17405
17398
17246
17105
16868
17381
17546
17457
17288
17203
17130
17000
17344
17319
17488
17144
17282
17144
16958
16791
17644
17500
17681
17430
17477
16908
17358
17287
17048
17379
16942
17176
17223
17075
17387
17302
17355
17252
17415
17113
17441
17589
17629
17459
17550
17377
17565
17470
17124
17339
17341
17457
17008
17129
17023
17134
17304
17194
17167
17279
17567
17369
17108
17259
17593
17370
17137
17247
17115
17221
17179
17466
17486
17459
17342
17113
17248
17349
16754
17290
17230
17208
17302
17198
16973
17294
17288
17102
17491
16763
17475
17245
17340
17225
17323
17458
17443
17542
17067
17302
17342
17488
17270
17035
17447
17327
17454
17367
17246
17534
17254
17147
17362
17457
17334
17290
17020
17230
16949
17252
17436
17537
17297
17664
17576
17286
17094
16957
17515
17469
17549
17591
17431
17235
17175
17371
17558
17302
17407
17412
17180
17659
17036
17381
17361
17631
17297
17549
17491
17388
17353
17183
17223
17359
17620
17358
17619
17215
17223
17616
17422
17249
17310
17158
17426
17401
17344
17532
17323
17292
17395
17295
17531
17143
16947
17067
17315
17388
17298
17388
17367
17267
17311
17396
17013
17450
17461
