27227
27133
27346
27878
27157
26942
27409
26997
27381
27254
26937
27364
27381
26983
27701
26605
26865
27346
27313
27622
26931
26996
27442
27505
27080
27060
27177
27394
27250
27118
27435
27153
27602
26766
27034
27478
27371
27339
27624
26943
27431
27595
27721
27429
27024
27150
26560
27379
27362
27483
27111
26877
27278
27696
27073
27525
27033
27169
27458
27135
27333
27258
27602
27535
27252
27232
27265
27176
27273
27446
27460
27708
27467
27162
27538
27860
26658
27075
27367
27176
26959
27362
26838
27270
27615
27179
26695
27464
27165
27257
27106
27003
27511
27263
27385
26913
27642
26381
27072
27184
27056
27163
27653
26884
26977
27515
26975
27218
27468
27606
27010
27298
26752
27024
27631
27125
27457
27259
27300
27232
27060
27292
27427
27165
27440
27074
27545
27343
26863
27236
26906
27098
27168
27191
27381
27270
26767
26803
27549
27357
27181
27138
27324
26950
27259
27342
26944
27288
27434
27056
27376
27309
27154
27216
26969
27070
27037
27128
27336
27541
27141
27270
27056
26797
27701
27605
26641
27012
27012
27086
27459
27130
27186
27534
26916
26653
26952
27367
27183
27333
27242
27438
27441
27339
27159
27136
27543
27030
27010
27219
27681
26895
27638
27287
26809
27040
27404
27163
27563
27428
27262
27293
26490
27212
27005
27144
27584
27300
27380
27429
27357
27230
26850
26857
27703
26827
26643
27400
27249
27410
27049
27499
27311
27418
27687
27436
27371
27359
27489
27223
27377
27468
27383
27063
27058
27009
26961
27353
27498
27317
27566
26750
27282
27114
27487
27117
27532
27137
27390
27227
27329
27573
27688
27054
26965
27199
27343
27189
26846
27179
27860
27205
27074
26752
27288
27500
27134
27659
26993
27391
27494
27516
27281
26939
27293
27118
26905
26708
27342
26678
27254
27396
27388
27225
27161
27347
27218
27573
27415
27184
27071
27319
26845
27454
27384
27290
27239
27353
27096
27221
26903
27292
27498
27017
26838
27292
27067
27520
27417
27507
27308
27158
27554
27200
27181
27037
27223
27300
27005
26925
27373
27204
27649
27172
27505
27176
27209
27233
27133
27236
27117
27308
27643
27167
26947
27428
27020
26937
27400
27211
27632
27483
27270
27154
27466
27637
27422
26852
27057
26854
27087
27306
27372
27501
27281
27342
27438
27287
27086
27849
27423
27306
27091
27117
27302
27287
26993
27669
26918
27453
27568
27312
27356
27234
27348
27025
27371
27648
27025
26911
27178
27407
27377
26932
26633
27096
27093
27140
27239
27340
27216
26924
27637
26920
26786
27411
27628
27243
27105
27219
26830
27344
27183
27112
27416
26869
27026
27066
27046
27320
27887
27410
27409
27300
26911
27314
27121
27243
27073
27148
26809
27412
27400
27024
27424
26974
26950
27187
27566
27389
27296
27237
26505
27407
27225
27134
27546
27191
27564
27462
27094
27203
27728
27677
27409
27344
27152
27140
27277
27128
27263
26649
27195
27391
27276
27511
27419
27109
27416
26975
26866
27227
27159
27111
27601
27061
27106
27248
27705
27160
27129
27323
27283
27525
27151
27087
27060
27247
27258
27329
27056
27223
27626
27703
27074
27389
27025
26986
27559
26909
27384
27493
27505
27309
27376
27017
27330
27215
27204
27565
