17279
17415
17001
17201
17186
17357
17365
16862
17209
17048
16984
16718
17207
17077
17276
17116
17158
17329
17339
17454
17150
17286
17324
17046
17030
17255
17160
17434
17324
16675
17152
17174
16660
17033
17143
17026
17244
17388
17112
17234
17069
17113
17061
17143
16974
16803
17151
17267
17035
17294
17372
17030
17293
16599
16881
17270
17056
17033
17242
16691
17693
16857
16612
17108
17185
17228
17038
16947
17329
17178
17235
17194
17157
17069
17582
17215
17323
16882
17080
17001
17136
17428
16736
17218
17272
16956
16931
17089
17075
17483
17037
17569
16918
17251
16857
17106
17099
17094
17089
16991
17258
17307
17262
17205
17013
17119
17012
16938
17544
17195
17400
17245
16955
17194
16909
17259
17153
17118
16901
17073
16953
17123
16838
17436
16787
17299
17168
17129
17059
17423
16796
17242
17339
16982
16844
17307
17260
17403
17270
17353
17243
17190
17386
16600
17313
17301
17184
16980
17480
17355
17397
17198
17473
17205
16642
17173
16966
17176
17282
17227
16943
17230
17111
17452
17409
17204
17309
17267
17280
16943
17185
17266
17209
17276
17105
17164
17297
17232
16788
17341
17123
16854
17308
17304
17295
17276
16732
17157
17556
17378
17267
17481
17333
17379
17201
16993
17119
17184
17157
17421
17524
17358
17342
17400
16973
17309
17302
17238
17210
17313
17252
16871
17123
17241
16798
17052
17000
16986
17257
17328
17392
16563
17236
16991
17423
16940
17100
17138
17489
16813
17182
17153
17273
17381
17079
17560
17357
17455
17261
17272
17208
17583
16984
17099
17209
17303
17258
16825
16868
17229
17126
16898
17464
17296
17151
16992
16930
17351
17037
17184
17149
17077
17155
17234
17394
17545
17515
17092
16865
16793
17092
17343
17096
17196
17015
17101
17290
17191
17415
17134
17272
16927
17147
17172
17176
17225
17006
17133
16975
17427
17065
17139
17297
17192
16959
17358
17005
17059
17246
17196
17153
17302
17317
16946
17053
17409
16957
17325
16944
17157
16972
17076
17239
17219
17141
17051
17196
17029
17175
17297
16879
17447
17241
17472
17356
17011
17364
17100
17329
17127
16706
17222
17173
17248
17110
17244
17170
17429
16497
16875
17254
17486
17182
17103
17280
17225
17309
17097
17167
17135
17098
17451
16974
17470
17397
16891
17015
17247
17213
17264
17215
17274
17259
17154
17229
16841
17343
17468
17032
16833
17043
17279
17184
17375
17087
17070
17209
17153
17135
17155
16949
17262
17150
17022
17262
17447
17427
17266
17025
16990
17211
17224
17380
16930
17227
17003
17359
17415
17142
17036
17399
17110
17088
17538
16918
17124
17288
17295
17219
17024
17075
17182
17145
17116
17272
17356
17116
17263
16876
17175
17175
17092
17467
16989
17134
17193
17136
16961
16847
17174
17158
17266
17232
17387
17042
17233
17350
17042
17136
17055
17055
17249
16962
17169
16924
17120
16760
17372
17061
17208
17298
16923
17310
16968
17006
17111
17020
16939
17423
17231
17006
17297
17323
17258
17240
16706
17117
17170
17010
17071
17148
17115
16968
17117
16916
17076
17106
17438
17012
17022
17164
17134
17197
17488
17225
17188
17121
17001
17121
16925
17156
17141
16946
17292
17094
17573
17521
17037
17066
16939
