37971
37898
38893
38467
38783
37823
38468
38538
38219
38866
37818
38177
38019
38386
38235
38661
38556
38505
38602
38633
38571
38465
37718
38352
38352
38138
38288
38004
38201
38379
38256
38482
38538
38747
38534
37856
37423
38540
38539
38312
38443
38175
37807
38317
38672
38356
38214
38279
37723
38323
38250
38420
38361
38645
38723
38496
37956
38609
38454
38210
37760
38440
38388
38330
38161
38532
38175
38253
37822
38047
38117
38181
38518
38626
38538
38387
38793
38261
38512
37936
37910
38356
38496
38794
37920
38637
38749
38244
38529
38370
37566
38381
38524
37961
38403
38685
38375
38296
37993
38179
38171
38291
38112
38158
38652
38439
38355
37964
38652
38120
38480
37800
38273
37924
38403
38296
37992
38807
38172
38665
38438
37968
38679
38536
38207
38466
38588
38497
38331
38267
38387
38191
38682
38326
38433
38430
38079
38263
38399
37987
38054
38690
38419
38551
37768
37679
38729
38133
38304
38177
38353
38803
38503
38338
38383
38484
38592
38096
38592
38197
38269
38505
38833
38344
38686
38340
38782
37947
37914
38376
37232
38551
38394
38368
38541
38692
37867
38278
38432
38687
38484
38255
38247
38017
38546
38305
38706
38295
38261
38260
38998
38777
38393
38561
38011
37959
38040
38046
38458
38217
37659
38634
38304
38403
38565
38486
38455
38823
38680
38938
38727
38237
38548
38432
38881
37851
38653
38090
38269
38165
38045
37723
38804
38610
37786
38367
38768
38658
38261
38494
38604
38760
37985
38658
38243
38575
38815
37911
38401
38365
38371
38064
37766
38481
38109
38300
38611
38428
38368
38453
38352
38051
38425
38862
38377
38511
38343
38503
38515
38289
38174
38199
38379
38676
38110
38346
38418
38188
38267
38935
38366
38689
38313
38466
38069
38621
38745
38561
38627
38047
38388
37867
37897
38212
38088
38506
38410
39062
38496
38337
38649
38193
38007
38772
38140
38558
38450
38156
38297
38481
38946
38184
38521
38694
38931
38110
38297
38563
38398
38774
38357
38011
38303
38081
38141
38722
38526
37942
38278
38332
38693
38340
38598
37821
38753
38216
38064
38365
38562
38351
38487
37842
38296
38591
38304
38388
38265
38646
38763
38095
38356
38262
37935
38141
38488
38396
38533
38326
38343
37680
38549
38546
38524
38128
38367
38707
38482
38715
38210
38778
38222
38542
38386
38472
38297
38402
38124
37652
38220
38436
38430
38455
37928
38666
38134
37453
38613
38282
38277
38626
37905
38498
38780
38550
38587
38271
38113
38402
38891
38297
38370
37952
37838
38634
38377
38163
38336
38297
38723
38334
38052
38427
38151
38629
38868
38630
38145
38447
38324
38662
38633
38355
38107
38568
38620
37611
38186
38484
38107
38841
38182
38047
38008
38620
38068
38153
38131
38520
37798
38775
38723
38764
38453
38896
38294
38496
38130
38319
38205
38117
38263
38600
38235
37895
38167
38403
37777
38606
38593
38433
37813
38055
38829
38072
38092
38183
38763
38153
38249
38520
38070
38264
38127
37993
38157
38351
38438
38776
38826
38339
38140
38477
38351
38317
37934
38817
38069
38161
38058
38249
38260
38452
38597
38425
38745
38710
38160
38120
38442
38268
38524
37999
38270
38524
38379
38763
38712
38485
38521
38192
