7539
7657
7542
7629
7502
7617
7561
7536
7550
7619
7687
7612
7808
7620
7546
7557
7591
7460
7607
7595
7798
7379
7702
7332
7634
7470
7085
7554
7706
7780
7792
7758
7648
7690
7304
7675
7565
7769
7790
7588
7573
7616
7547
7348
7280
7533
7585
7802
7433
7634
7746
7440
7609
7523
7695
7679
7622
7455
7358
7512
7681
7467
7788
7511
7446
7750
7593
7609
7565
7493
7610
7757
7551
7360
7444
7798
7675
7639
7613
7693
7671
7435
7727
7795
7592
7702
7585
7608
7800
7753
7543
7748
7489
7438
7584
7562
7646
7782
7643
7470
7543
7611
7491
7628
7491
7772
7522
7291
7305
7455
7720
7599
7557
7373
7515
7487
7584
7523
7458
7614
7436
7576
7336
7642
7694
7610
7641
7512
7504
7448
7752
7521
7540
7400
7728
7245
7594
7655
7500
7554
7624
7670
7502
7824
7724
7491
7661
7555
7727
7549
7568
7522
7465
7478
7598
7817
7228
7408
7741
7194
7755
7531
7225
7716
7533
7547
7486
7493
7754
7592
7708
7576
7340
7717
7597
7320
7384
7498
7653
7515
7583
7781
7279
7480
7760
7805
7437
7530
7692
7684
7623
7674
7626
7567
7542
7668
7469
7567
7278
7641
7546
7556
7576
7545
7536
7546
7579
7720
7542
7590
7771
7442
7615
7555
7677
7792
7574
7699
7649
7595
7592
7741
7575
7681
7573
7527
7064
7337
7540
7658
7599
7496
7612
7479
7665
7742
7724
7625
7541
7361
7702
7617
7856
7500
7736
7445
7509
7671
7405
7599
7583
7544
7639
7493
7610
7476
7754
7501
7789
7635
7807
7587
7653
7449
7696
7588
7764
7488
7701
7601
7576
7587
7436
7723
7494
7683
7532
7733
7629
7407
7628
7736
7621
7309
7450
7574
7580
7608
7654
7366
7627
7649
7485
7812
7487
7496
7629
7689
7669
7729
7709
7657
7679
7602
7329
7618
7621
7590
7652
7354
7745
7381
7618
7531
7728
7636
7609
7438
7575
7343
7644
7437
7496
7966
7580
7633
7644
7619
7472
7555
7506
7336
7577
7711
7611
7581
7430
7570
7459
7813
7699
7552
7417
7725
7317
7417
7630
7802
7427
7335
7583
7515
7732
7655
7642
7647
7716
7537
7700
7699
7221
7648
7596
7639
7653
7694
7557
7385
7471
7681
7759
7573
7337
7640
7595
7613
7560
7613
7582
7577
7697
7606
7400
7655
7541
7719
7566
7788
7621
7520
7589
7584
7507
7356
7682
7477
7701
7393
7369
7595
7615
7518
7484
7541
7579
7656
7605
7575
7661
7458
7606
7780
7320
7625
7548
7747
7646
7612
7640
7663
7406
7702
7443
7450
7573
7632
7450
7644
7487
7453
7564
7565
7612
7385
7647
7576
7625
7354
7620
7728
7633
7592
7689
7573
7750
7495
7530
7476
7716
7690
7583
7502
7428
7667
7473
7600
7624
7693
7641
7670
7751
7570
7538
7652
7726
7607
7568
7653
7508
7871
7503
7749
7350
7576
7601
7704
7433
7649
7553
7506
7770
7889
7468
7503
7537
7613
7736
7552
7495
7532
7545
7492
7493
7776
7683
7549
7563
7523
7552
7486
