38972
39140
38984
38440
38881
38474
38849
39123
38703
38617
38762
39158
38481
38880
38140
38286
38619
38236
38272
38981
38067
38280
38767
38619
38859
38881
38330
38942
38631
38383
38565
38403
38437
38279
38645
38704
38983
38901
38839
38841
38483
38069
38944
38037
38478
38204
38710
38861
38690
38659
38268
38943
38234
38335
38796
38113
38814
38820
38647
39029
38496
39276
38634
38743
38862
38599
38234
38433
38941
39114
38765
38247
39090
38842
38207
38420
38558
38343
38556
38720
38559
38858
38490
37796
38310
38998
39144
38518
38915
39130
38759
38623
38308
39215
38459
38770
38272
39043
38735
38598
38340
38526
38493
38145
38660
38119
38835
38754
37990
37988
38215
38500
38726
38457
38726
38598
38890
38909
38611
38746
38473
38588
38512
38760
38745
38463
39205
38760
38446
38581
38730
38626
38818
38355
38576
38959
38966
38383
38270
38584
38736
38774
38772
38478
38370
38849
38976
38940
38946
38707
39166
38892
38699
38590
38732
38621
39241
38436
38479
38044
38687
38592
39172
38280
38476
38698
38693
38120
38912
38678
39064
38763
38635
38736
38470
38852
38908
38210
38725
38675
38576
38737
38841
38783
39044
38462
38636
38829
38752
38403
38119
38574
38831
38802
38491
38434
38558
38171
38393
38580
38423
38701
38438
37739
38755
38208
38746
38506
39275
38994
38858
38939
38814
38555
38923
38277
38612
38972
39069
38719
38734
38569
37950
39197
37721
38182
39004
38215
38949
38455
39091
38441
38782
38420
38425
39016
38652
39068
38739
38485
38514
38869
38598
38367
38218
38555
38910
38630
39083
38065
38667
38450
38399
38476
39223
38891
38368
38907
38763
38974
38645
38564
38311
39063
38914
39214
38585
38607
38717
38170
38751
39268
38834
38643
38334
38298
38070
38398
38618
38160
38946
38541
38526
38866
38585
38760
38659
37675
39194
38201
38418
39039
38565
38674
38636
38636
38191
38905
38419
38703
38575
38631
38195
38267
38479
38762
38878
38599
39335
38404
38604
39078
38921
38253
38691
38498
38511
38584
38576
38604
39041
38561
38256
38950
38535
38380
38208
38313
38455
38635
38305
38573
38945
39026
38836
38928
38839
38615
38203
38674
38387
38148
38573
39197
39051
38360
38681
38578
38551
38491
38415
39077
38515
38484
38733
38757
38202
38405
38241
38586
38279
38539
38748
38851
38152
38214
38570
38499
38658
38749
38204
38876
38897
39203
38760
38876
38534
39104
38587
38468
38913
38868
38635
38477
38529
38471
39202
38161
38486
38907
38879
38938
38812
38159
38626
38606
38783
38872
38449
38938
38988
38551
38525
38519
38625
38560
39176
38397
38462
38439
38268
38952
38753
38557
38741
38330
38984
38466
38610
38609
38454
38851
38556
38283
38166
38438
38345
38924
38645
38209
38656
38928
38837
38652
39226
38734
38923
38634
38039
38621
37969
38511
39011
38506
38225
38912
38291
38613
38837
39110
38695
38872
38991
38894
38461
38389
39142
38854
38792
38636
38671
38755
38486
37557
37773
38209
38880
39124
38776
38561
38990
38578
38729
38819
38841
38831
38084
39118
38476
38290
38873
38274
38923
39041
38448
37335
38410
38436
38642
38572
38301
39131
38697
38307
38563
38085
38442
38434
38839
38223
