28404
28624
28204
28102
28046
28259
27847
28144
28431
28274
28151
28302
28165
28011
27762
28306
27950
28062
28092
28005
28216
28322
28200
28309
28456
28286
28426
28113
28010
27764
28158
28102
28344
28070
28068
28300
28335
28331
28431
27993
28410
28165
28552
28435
28070
28125
28264
28404
27980
28239
28057
28000
28000
27665
28138
28272
27505
28267
28388
28308
28210
28509
28195
28362
28228
28366
28456
28330
28159
28372
28011
27863
27989
28335
28069
27976
27906
28218
28580
28662
27936
28371
27997
27994
28346
28418
28229
28385
28539
28506
28355
27958
28310
28210
28276
28506
28585
28076
28163
27838
28090
28287
27903
27702
28261
28725
28086
28122
28395
28583
28058
27683
28680
28555
28095
28087
28415
28113
28056
28110
27861
28110
28164
28658
28247
28048
27922
28325
28258
28429
28339
28395
28083
27997
27802
28487
27700
28582
28157
27753
28131
28555
28114
28266
28150
28279
28082
27856
28530
28317
28564
28286
28291
28198
28434
28647
27780
28425
28660
28407
28471
28529
28137
27916
28367
28095
28378
28030
28271
28639
28782
28135
27941
28403
28220
27956
28075
28241
28381
28316
27513
28140
28176
28208
28386
28100
28256
28179
28256
28143
28044
28329
27941
28584
28041
28151
28148
27918
28107
28574
28231
27963
28447
27993
28439
27812
28238
28352
27516
28241
27958
28195
28251
28066
28261
28116
27818
28460
28143
28387
28320
28022
27691
28423
28652
27700
28203
28186
28490
28673
27722
27851
28502
28080
28168
28010
27595
28520
28287
28075
28278
28313
28315
28134
28054
28234
27940
27901
28252
27752
28124
28373
28332
28398
27942
28466
28034
28050
27741
27925
28492
27859
27920
28238
28496
27693
28408
27947
28438
28267
28524
28228
28169
28165
28224
28003
28401
28443
27682
28563
28348
28257
28088
28322
27647
28313
28678
28274
28716
27738
28213
28255
27602
28349
27603
27835
27970
28260
28332
28157
28330
28460
28228
28098
28498
28603
28344
28586
28335
28315
28454
28354
27920
28211
28217
28292
28596
28544
28172
28616
27843
28057
27776
28561
27529
27742
28169
28352
28089
28275
28129
28201
28118
28600
27328
28216
28177
28032
27774
27923
28039
28021
28210
27970
28612
28388
28462
28073
28014
28007
28339
28185
28230
28259
27591
28355
27539
28229
28357
28288
27952
28040
28311
28378
28213
28059
28187
28211
28195
28027
28138
28567
28194
28073
28361
28003
27845
28406
27960
28257
28377
28355
28011
27899
28218
27907
28067
28411
28124
28458
28183
27972
27905
28024
28215
28068
27996
28055
28108
28441
28153
28615
28581
28390
28335
28244
28197
28113
28477
28217
28256
28304
27771
28244
28441
28220
28583
28074
28373
28067
28319
28136
28254
28150
27779
28470
28557
27640
28168
27718
28047
27971
28197
28348
27862
27959
27808
28025
28539
28099
28299
28096
27759
27963
28486
28223
28191
27840
28271
28209
27972
27928
28218
27848
28150
27905
28041
28480
28057
28297
28125
28313
28320
28374
28040
28262
28138
28241
28257
28263
28540
28282
28128
28228
28359
28066
28221
27791
28228
28476
27879
28349
28109
28058
27901
28245
28285
27904
28124
28381
28523
28007
28323
28062
27965
28599
28298
28712
27799
28435
