42799
42792
42797
42800
42855
42859
42852
42829
42834
42847
42780
42793
42861
42853
42808
42839
42763
42832
42803
42806
42780
42823
42862
42796
42806
42783
42767
42811
42822
42843
42835
42827
42860
42822
42854
42780
42823
42756
42814
42833
42804
42863
42822
42795
42815
42745
42800
42805
42780
42808
42814
42876
42844
42797
42784
42803
42815
42801
42851
42828
42735
42805
42828
42715
42851
42859
42812
42788
42786
42866
42839
42903
42777
42865
42822
42846
42802
42803
42843
42736
42776
42904
42853
42817
42857
42868
42840
42841
42883
42879
42814
42827
42843
42813
42821
42881
42802
42823
42844
42789
42847
42840
42829
42858
42843
42839
42799
42873
42812
42808
42808
42864
42828
42822
42814
42840
42800
42759
42815
42808
42814
42838
42844
42769
42839
42829
42883
42834
42893
42809
42851
42878
42819
42824
42847
42871
42857
42773
42839
42853
42810
42842
42834
42832
42824
42748
42873
42834
42835
42863
42814
42775
42873
42827
42887
42818
42845
42808
42818
42837
42760
42790
42866
42814
42857
42838
42864
42767
42820
42751
42755
42836
42830
42774
42815
42834
42876
42863
42750
42857
42832
42788
42805
42820
42783
42847
42774
42810
42770
42807
42850
42825
42893
42826
42837
42773
42862
42868
42784
42858
42750
42813
42852
42847
42830
42843
42781
42803
42777
42856
42819
42816
42910
42790
42894
42790
42821
42768
42816
42844
42750
42820
42833
42793
42757
42895
42815
42802
42892
42810
42821
42792
42803
42744
42792
42848
42764
42813
42871
42817
42825
42851
42799
42804
42784
42821
42834
42881
42838
42816
42828
42726
42803
42835
42842
42789
42840
42817
42849
42817
42796
42806
42779
42823
42859
42744
42820
42805
42800
42825
42780
42791
42811
42828
42833
42851
42863
42832
42815
42806
42797
42760
42820
42837
42763
42793
42766
42762
42765
42841
42839
42754
42857
42826
42816
42854
42819
42852
42866
42905
42840
42806
42868
42778
42858
42810
42786
42861
42700
42727
42805
42778
42851
42858
42811
42780
42855
42837
42794
42800
42791
42898
42812
42831
42809
42861
42833
42819
42886
42868
42827
42803
42803
42824
42825
42841
42855
42821
42857
42793
42767
42834
42763
42830
42828
42848
42797
42824
42863
42851
42825
42796
42847
42846
42828
42831
42860
42806
42817
42792
42812
42902
42807
42792
42754
42841
42845
42739
42799
42811
42810
42786
42843
42792
42851
42823
42748
42835
42832
42769
42836
42794
42775
42832
42848
42839
42845
42819
42842
42847
42810
42817
42850
42866
42812
42834
42885
42878
42786
42815
42784
42788
42774
42863
42845
42846
42829
42784
42805
42824
42830
42800
42819
42803
42820
42841
42878
42839
42764
42827
42809
42823
42842
42804
42829
42805
42820
42765
42751
42831
42843
42866
42867
42853
42798
42776
42834
42873
42851
42821
42833
42844
42815
42834
42823
42821
42827
42771
42807
42793
42792
42848
42839
42833
42813
42835
42844
42800
42834
42762
42850
42801
42749
42811
42832
42807
42801
42827
42854
42893
42814
42793
42794
42843
42783
42856
42814
42791
42874
42839
42816
42789
42856
42826
42808
42794
42793
42836
42796
42872
42799
42868
42832
42831
42805
42811
42817
42816
42797
42822
