30896
30904
30977
30914
30922
30907
30904
30954
30855
30939
30920
30885
30892
31002
30856
30898
30908
30948
30898
30931
30923
30851
30932
30920
30888
30964
30883
30922
30928
30933
30894
30939
30936
30932
30948
30934
30944
30968
30925
30894
30957
30949
30931
30952
30919
30927
30941
30881
30914
30913
30927
30929
30909
30940
30973
30960
30942
30902
30891
30942
30897
30976
30922
30889
30965
30948
30865
30935
30864
30908
30907
30916
30943
30927
30907
30865
30888
30868
30912
30930
30916
30909
30922
30909
30892
30935
30902
30907
30950
31002
30961
30967
30922
30938
30948
30991
30939
30927
30939
30955
30948
30881
30953
30886
30950
30909
30889
30904
30919
30932
30927
30855
30911
30990
30965
30915
30900
30963
30949
30937
30918
30906
30935
30879
30906
30928
30967
30958
30911
30914
30942
30940
30919
30932
30899
30925
30917
30925
30945
30927
30942
30923
30904
30946
30863
30955
30940
30922
30887
30928
30970
30928
30907
30880
30940
30887
30886
30925
30897
30903
30920
30884
30950
30923
30950
30850
30918
30897
30930
30883
30955
30864
30848
30877
30833
30928
30961
30959
30841
30901
30860
30917
30900
30893
30943
30908
30896
30880
30902
30919
31007
30944
30925
30926
30955
30924
30904
30953
30966
30942
30926
30922
30921
30951
30940
30893
30928
30985
30921
30919
30901
30894
30928
30865
30924
30963
30892
30916
30947
30918
30928
30859
30906
30928
30945
30957
30909
30945
30952
30976
30960
30931
31002
30892
30919
30843
30961
30977
30922
30946
30947
30937
30941
30961
30933
30947
30921
30927
30938
30908
30987
30966
30906
30980
30885
30914
30971
30943
30916
30913
30897
30938
30953
30860
30931
30911
30966
30883
30912
30880
30915
30930
30921
30919
30874
30962
30867
30896
30948
30886
30921
30917
30927
30953
30907
30897
30897
30914
30955
30953
30914
30900
30956
30976
30944
30851
30920
30969
30915
30883
30880
30912
30909
30896
30877
30898
30960
30907
30909
30921
30996
30959
30947
30947
30938
30903
30855
30941
30920
31020
30914
30928
30880
30882
30924
30910
30949
30856
30831
30881
30953
30918
30891
30949
30916
30916
30958
30882
30913
30898
30928
30948
30963
30878
30902
30888
30952
30903
30867
30881
30969
30943
30888
30894
30915
30932
30924
30918
30882
30948
30895
30932
30927
30952
30918
30939
30871
30886
30890
30952
30887
30904
30853
30859
30917
30954
30866
30945
30891
30926
30879
30884
30877
30965
30904
30917
30960
30917
30926
30904
30893
30954
30814
30896
30927
30961
30887
30917
30909
30923
30908
30891
30889
30925
30940
30904
30971
30948
30889
30933
30909
30872
30951
30873
30923
30887
30945
30922
30964
30917
30868
30905
30933
30900
30877
30925
30927
30947
30895
30866
30907
30975
30971
30901
30939
30971
30911
30942
30958
30884
30943
30936
30954
30967
30951
30919
30951
30929
30964
30987
30885
30947
30943
30925
30877
30873
30885
30868
30908
30879
30923
30924
30916
30914
30943
30883
30919
30871
30919
30920
30905
30916
30889
30928
30889
30940
30947
30925
30895
30858
30940
30894
30953
30905
30922
30844
30900
30957
30938
30903
30924
30873
30967
30937
30944
30941
30934
30917
30912
30921
