19376
19426
19346
19453
19406
19464
19465
19399
19411
19406
19412
19462
19429
19433
19372
19410
19386
19427
19411
19403
19402
19414
19406
19475
19411
19426
19413
19422
19372
19442
19425
19427
19416
19375
19366
19413
19403
19437
19413
19417
19434
19363
19432
19411
19403
19423
19437
19403
19381
19376
19390
19399
19392
19401
19422
19391
19438
19421
19392
19475
19414
19421
19417
19413
19435
19411
19416
19380
19406
19415
19420
19385
19415
19433
19402
19434
19401
19403
19413
19435
19410
19457
19387
19397
19400
19406
19442
19423
19409
19450
19391
19431
19411
19464
19373
19371
19389
19439
19404
19415
19431
19449
19383
19421
19373
19421
19361
19430
19396
19400
19480
19368
19429
19407
19406
19408
19432
19423
19408
19436
19488
19443
19396
19432
19375
19455
19405
19404
19368
19395
19412
19393
19377
19395
19456
19418
19434
19435
19452
19430
19419
19424
19359
19419
19394
19404
19388
19435
19429
19387
19423
19451
19394
19427
19418
19416
19426
19419
19388
19384
19422
19434
19455
19362
19460
19439
19433
19409
19417
19429
19404
19388
19370
19395
19429
19392
19420
19427
19404
19395
19417
19431
19368
19395
19431
19436
19442
19375
19369
19409
19443
19407
19432
19405
19417
19404
19405
19368
19425
19447
19396
19414
19448
19389
19416
19397
19414
19397
19393
19407
19428
19449
19443
19431
19412
19371
19414
19407
19406
19361
19397
19396
19421
19448
19436
19431
19427
19451
19389
19400
19424
19406
19411
19416
19449
19414
19427
19449
19427
19380
19459
19369
19406
19381
19435
19424
19420
19388
19425
19409
19407
19469
19433
19414
19402
19437
19375
19451
19403
19394
19414
19424
19406
19379
19421
19425
19387
19358
19444
19356
19402
19457
19431
19457
19395
19389
19443
19427
19450
19456
19394
19395
19414
19356
19396
19407
19423
19402
19427
19421
19386
19442
19425
19388
19380
19363
19386
19421
19390
19412
19425
19443
19408
19393
19430
19402
19415
19445
19444
19435
19423
19415
19423
19402
19448
19429
19395
19403
19410
19424
19442
19388
19410
19471
19436
19372
19383
19376
19376
19396
19441
19386
19410
19378
19408
19443
19411
19432
19422
19414
19417
19387
19379
19430
19436
19388
19391
19394
19433
19439
19441
19392
19407
19461
19415
19428
19422
19420
19428
19426
19379
19428
19400
19433
19413
19447
19422
19405
19415
19399
19386
19434
19406
19408
19347
19376
19385
19404
19406
19424
19449
19427
19443
19433
19427
19409
19413
19411
19420
19409
19441
19430
19422
19406
19430
19402
19397
19432
19408
19440
19446
19406
19338
19371
19442
19435
19418
19426
19428
19420
19398
19394
19402
19459
19427
19409
19420
19414
19369
19454
19421
19440
19390
19401
19386
19436
19391
19411
19406
19416
19385
19400
19461
19400
19388
19410
19428
19434
19404
19403
19388
19403
19400
19417
19357
19429
19431
19390
19408
19413
19363
19459
19416
19439
19396
19454
19435
19426
19428
19431
19462
19388
19450
19374
19444
19400
19427
19383
19425
19393
19441
19378
19415
19389
19416
19415
19429
19401
19385
19364
19437
19388
19369
19432
19406
19399
19434
19416
19411
19479
19379
19404
19396
19435
19419
19418
19474
19434
19412
19399
