8697
8694
8711
8713
8684
8709
8709
8698
8687
8727
8663
8706
8711
8724
8730
8683
8692
8716
8727
8665
8709
8723
8690
8701
8710
8720
8672
8720
8718
8734
8681
8746
8728
8714
8699
8768
8721
8688
8696
8716
8693
8698
8684
8698
8688
8702
8719
8670
8687
8687
8706
8726
8692
8731
8717
8739
8738
8705
8699
8711
8695
8707
8712
8711
8727
8713
8733
8694
8690
8711
8755
8707
8695
8714
8723
8703
8713
8724
8698
8731
8723
8715
8717
8744
8717
8687
8678
8733
8741
8717
8710
8751
8710
8711
8725
8701
8712
8696
8713
8729
8692
8698
8707
8672
8704
8700
8705
8719
8702
8665
8706
8699
8687
8659
8690
8705
8716
8693
8697
8741
8713
8708
8716
8726
8724
8745
8683
8722
8669
8710
8708
8682
8711
8665
8710
8711
8715
8719
8686
8680
8698
8704
8687
8740
8695
8717
8680
8694
8727
8684
8694
8681
8718
8694
8703
8690
8694
8689
8727
8712
8731
8720
8709
8655
8668
8720
8697
8699
8706
8691
8732
8713
8694
8704
8693
8719
8722
8743
8682
8721
8696
8730
8714
8689
8663
8672
8732
8722
8683
8707
8695
8705
8677
8732
8677
8714
8716
8709
8731
8700
8706
8701
8719
8763
8708
8714
8688
8707
8696
8706
8704
8703
8724
8711
8689
8707
8713
8673
8692
8730
8675
8687
8701
8715
8694
8685
8724
8708
8728
8683
8713
8691
8710
8696
8706
8698
8739
8714
8688
8674
8717
8658
8709
8693
8721
8680
8651
8702
8744
8705
8716
8705
8737
8700
8720
8701
8672
8743
8739
8704
8704
8713
8692
8718
8721
8690
8709
8718
8722
8714
8706
8691
8744
8713
8695
8692
8722
8694
8688
8688
8714
8677
8716
8712
8719
8698
8715
8686
8719
8703
8684
8718
8705
8718
8735
8697
8733
8698
8718
8687
8707
8697
8725
8708
8691
8708
8696
8715
8711
8690
8720
8730
8733
8716
8721
8699
8701
8689
8710
8710
8700
8727
8709
8690
8701
8709
8699
8685
8726
8735
8719
8699
8732
8736
8683
8726
8709
8738
8702
8722
8693
8714
8665
8710
8688
8714
8739
8719
8701
8704
8703
8702
8710
8687
8721
8716
8709
8754
8706
8709
8721
8715
8713
8717
8723
8699
8749
8723
8739
8703
8704
8701
8706
8688
8701
8714
8707
8721
8712
8714
8712
8708
8725
8726
8728
8691
8699
8702
8721
8699
8710
8714
8734
8743
8701
8714
8712
8741
8696
8716
8714
8718
8739
8714
8688
8721
8716
8710
8717
8716
8695
8727
8703
8690
8686
8690
8729
8749
8726
8724
8713
8705
8721
8711
8714
8731
8692
8739
8700
8695
8706
8716
8687
8704
8686
8687
8718
8709
8687
8708
8710
8706
8709
8731
8697
8724
8710
8748
8709
8665
8713
8687
8709
8685
8705
8714
8707
8709
8716
8725
8720
8721
8680
8688
8683
8670
8697
8720
8730
8692
8724
8724
8683
8705
8674
8739
8694
8708
8704
8713
8672
8723
8732
8707
8702
8711
8741
8703
8723
8688
8687
8727
8671
8694
8708
8749
8715
8720
8715
8701
