16910
16936
16933
16927
16930
16938
16928
16930
16913
16901
16937
16931
16927
16920
16943
16921
16946
16922
16931
16940
16926
16909
16927
16918
16910
16919
16930
16913
16943
16907
16925
16923
16912
16917
16932
16923
16944
16935
16917
16923
16934
16936
16932
16916
16919
16933
16918
16923
16934
16925
16931
16920
16916
16920
16927
16950
16924
16915
16918
16930
16935
16900
16920
16939
16928
16918
16918
16930
16946
16925
16934
16924
16945
16918
16911
16922
16926
16925
16910
16918
16915
16916
16943
16919
16928
16932
16927
16945
16931
16932
16912
16918
16930
16939
16931
16920
16911
16931
16909
16918
16921
16932
16929
16935
16917
16943
16935
16917
16918
16924
16922
16921
16942
16937
16924
16923
16942
16944
16912
16931
16938
16906
16922
16912
16926
16923
16913
16920
16921
16921
16924
16930
16929
16914
16932
16921
16934
16917
16926
16928
16925
16925
16921
16938
16921
16932
16916
16937
16929
16921
16929
16929
16917
16931
16898
16923
16924
16926
16937
16909
16924
16918
16933
16931
16924
16918
16934
16924
16933
16921
16928
16928
16918
16919
16908
16921
16939
16927
16921
16922
16918
16914
16913
16928
16914
16920
16933
16931
16930
16929
16919
16918
16937
16925
16934
16928
16929
16940
16932
16941
16919
16909
16930
16921
16923
16920
16927
16920
16922
16942
16919
16929
16922
16903
16932
16913
16921
16915
16921
16929
16921
16934
16932
16935
16939
16926
16922
16911
16931
16915
16923
16915
16920
16908
16916
16911
16927
16913
16918
16941
16925
16923
16939
16960
16930
16936
16930
16930
16926
16922
16933
16925
16923
16928
16934
16918
16922
16941
16914
16910
16924
16948
16922
16929
16915
16928
16917
16938
16930
16924
16928
16916
16893
16921
16924
16915
16943
16931
16921
16919
16936
16920
16901
16922
16915
16936
16930
16912
16935
16918
16927
16936
16929
16924
16924
16928
16919
16915
16923
16926
16901
16935
16910
16936
16919
16923
16919
16930
16919
16916
16932
16926
16922
16921
16930
16931
16947
16913
16933
16900
16917
16935
16934
16900
16930
16927
16931
16916
16932
16914
16953
16932
16934
16938
16914
16925
16925
16932
16925
16926
16919
16926
16934
16917
16918
16924
16908
16915
16905
16937
16939
16923
16921
16945
16932
16914
16924
16915
16921
16926
16918
16906
16924
16931
16931
16918
16941
16922
16923
16918
16909
16921
16938
16913
16951
16921
16936
16933
16940
16932
16926
16922
16935
16917
16933
16923
16925
16941
16922
16949
16913
16925
16928
16920
16919
16939
16950
16927
16930
16918
16925
16922
16917
16945
16946
16942
16919
16923
16915
16926
16938
16935
16939
16913
16925
16921
16934
16926
16921
16924
16924
16924
16922
16934
16929
16920
16932
16927
16918
16919
16940
16917
16927
16926
16926
16926
16928
16917
16924
16928
16917
16931
16932
16947
16931
16925
16921
16918
16926
16922
16904
16931
16925
16926
16934
16920
16929
16925
16927
16915
16922
16917
16915
16927
16929
16915
16924
16939
16931
16914
16914
16928
16929
16937
16913
16920
16926
16938
16925
16942
16919
16909
16926
16921
16937
16917
16929
16916
16920
16936
16921
16925
16944
16915
16940
16918
16947
16928
16950
16906
