10904
10914
10916
10912
10917
10911
10908
10914
10916
10925
10919
10914
10905
10919
10917
10906
10917
10929
10906
10907
10925
10908
10920
10907
10920
10912
10903
10923
10907
10923
10904
10922
10911
10917
10910
10903
10932
10909
10926
10922
10908
10908
10909
10904
10906
10912
10909
10907
10915
10909
10916
10916
10907
10926
10919
10920
10918
10921
10930
10909
10915
10916
10930
10909
10921
10920
10896
10907
10923
10912
10910
10906
10911
10919
10906
10916
10917
10912
10916
10912
10914
10920
10900
10915
10908
10913
10918
10912
10914
10920
10916
10905
10901
10918
10921
10907
10904
10908
10916
10925
10916
10912
10922
10899
10908
10910
10921
10920
10906
10908
10916
10918
10915
10914
10900
10917
10920
10904
10919
10914
10899
10913
10916
10924
10920
10921
10906
10908
10924
10914
10910
10921
10898
10919
10918
10925
10902
10911
10932
10908
10910
10912
10910
10924
10904
10915
10903
10917
10919
10916
10910
10916
10914
10911
10912
10927
10912
10911
10925
10922
10895
10904
10908
10923
10921
10914
10911
10919
10923
10922
10922
10911
10924
10921
10899
10916
10916
10913
10923
10928
10929
10908
10922
10920
10917
10919
10909
10915
10907
10917
10922
10905
10923
10922
10906
10922
10918
10906
10907
10907
10923
10917
10902
10923
10909
10928
10915
10909
10918
10911
10910
10912
10922
10913
10930
10914
10921
10909
10898
10920
10923
10913
10913
10917
10913
10910
10911
10912
10909
10901
10919
10918
10921
10911
10910
10925
10911
10906
10920
10929
10916
10916
10914
10909
10909
10915
10922
10912
10910
10921
10917
10911
10919
10917
10926
10919
10918
10905
10898
10901
10912
10908
10917
10919
10918
10917
10910
10901
10919
10920
10912
10904
10934
10909
10899
10909
10911
10921
10915
10918
10919
10925
10906
10911
10913
10914
10903
10914
10918
10905
10918
10921
10913
10920
10909
10911
10917
10906
10917
10908
10928
10924
10906
10917
10911
10926
10906
10905
10902
10909
10911
10926
10917
10920
10900
10907
10915
10911
10924
10919
10908
10908
10920
10903
10909
10919
10925
10912
10918
10912
10918
10917
10922
10921
10933
10914
10910
10910
10915
10913
10915
10923
10911
10921
10919
10929
10919
10909
10913
10931
10915
10908
10915
10915
10913
10916
10905
10900
10914
10908
10921
10915
10903
10901
10909
10913
10910
10918
10917
10912
10906
10919
10920
10908
10917
10922
10924
10901
10917
10917
10914
10906
10916
10915
10927
10919
10917
10905
10921
10903
10910
10911
10914
10922
10909
10919
10914
10919
10919
10917
10903
10916
10914
10907
10922
10917
10909
10927
10914
10916
10905
10926
10922
10905
10911
10915
10908
10910
10920
10915
10915
10907
10929
10912
10923
10920
10930
10934
10922
10906
10919
10909
10930
10909
10916
10925
10921
10923
10920
10906
10914
10902
10930
10917
10904
10921
10917
10909
10909
10905
10915
10920
10912
10910
10914
10908
10905
10915
10909
10912
10906
10913
10929
10912
10907
10921
10899
10915
10913
10904
10914
10920
10919
10901
10928
10917
10923
10916
10913
10918
10917
10911
10930
10900
10903
10913
10914
10919
10903
10904
10906
10905
10919
10922
10910
10919
10908
10912
10904
10919
