23830
23826
23844
23832
23836
23841
23825
23817
23831
23822
23841
23834
23830
23822
23853
23835
23829
23834
23834
23825
23826
23822
23817
23834
23816
23825
23822
23819
23802
23816
23819
23831
23840
23830
23823
23826
23825
23835
23822
23820
23841
23820
23829
23835
23830
23839
23825
23837
23841
23833
23846
23823
23833
23835
23832
23816
23810
23829
23833
23830
23822
23818
23819
23823
23829
23841
23827
23828
23833
23842
23822
23830
23844
23820
23834
23834
23825
23822
23834
23824
23821
23823
23832
23823
23837
23834
23818
23816
23831
23817
23837
23821
23842
23825
23827
23830
23828
23820
23845
23837
23823
23848
23833
23833
23827
23831
23843
23838
23817
23832
23830
23822
23831
23837
23824
23824
23832
23822
23838
23825
23839
23839
23840
23822
23837
23830
23850
23829
23812
23821
23825
23818
23830
23848
23837
23845
23830
23835
23833
23845
23824
23830
23819
23831
23828
23830
23844
23824
23821
23822
23814
23839
23822
23837
23827
23824
23821
23826
23815
23822
23821
23842
23835
23820
23832
23811
23843
23819
23822
23831
23843
23836
23834
23829
23841
23828
23839
23821
23840
23829
23835
23836
23844
23825
23823
23811
23816
23827
23820
23837
23843
23824
23826
23831
23829
23816
23838
23817
23836
23836
23823
23825
23840
23817
23806
23828
23823
23835
23820
23846
23836
23827
23842
23817
23844
23838
23815
23832
23813
23845
23808
23821
23828
23821
23829
23827
23826
23830
23823
23839
23818
23833
23821
23822
23826
23808
23828
23816
23821
23826
23819
23828
23826
23828
23843
23820
23838
23827
23840
23847
23817
23844
23829
23813
23826
23845
23826
23802
23844
23810
23822
23819
23803
23858
23812
23821
23833
23823
23849
23824
23835
23821
23830
23824
23811
23818
23825
23827
23827
23832
23837
23831
23836
23839
23826
23822
23833
23837
23826
23831
23826
23813
23807
23831
23830
23800
23833
23828
23829
23828
23814
23827
23825
23858
23825
23825
23831
23835
23823
23831
23830
23830
23811
23835
23830
23821
23833
23826
23818
23835
23844
23832
23835
23834
23831
23828
23848
23820
23849
23823
23831
23824
23837
23837
23835
23825
23822
23837
23821
23826
23813
23812
23826
23826
23820
23824
23821
23835
23826
23819
23814
23826
23817
23837
23834
23829
23839
23838
23814
23812
23819
23832
23824
23805
23833
23830
23816
23820
23837
23800
23829
23827
23836
23824
23847
23842
23840
23836
23837
23839
23820
23837
23829
23825
23811
23839
23837
23820
23826
23840
23822
23825
23821
23818
23817
23835
23835
23826
23834
23828
23829
23827
23838
23839
23829
23842
23823
23820
23829
23817
23825
23838
23827
23825
23826
23824
23808
23825
23847
23816
23822
23826
23832
23815
23826
23840
23826
23854
23832
23832
23825
23819
23820
23823
23840
23826
23828
23833
23811
23818
23823
23819
23827
23831
23849
23833
23843
23824
23826
23820
23833
23827
23823
23825
23825
23834
23809
23834
23820
23835
23812
23845
23828
23823
23845
23827
23812
23841
23834
23820
23821
23825
23835
23844
23831
23817
23827
23842
23814
23833
23820
23827
23804
23829
23822
23829
23822
23829
23828
23833
23831
23829
23829
23820
23830
23819
23831
23820
23834
23847
