4960
4968
4956
4953
4964
4960
4962
4954
4957
4950
4949
4956
4967
4967
4958
4954
4948
4952
4954
4962
4959
4955
4954
4949
4954
4964
4960
4957
4950
4967
4951
4958
4953
4954
4944
4957
4953
4950
4960
4959
4949
4958
4952
4962
4958
4961
4962
4956
4947
4957
4955
4962
4959
4957
4955
4957
4960
4957
4951
4953
4954
4960
4967
4951
4954
4961
4956
4950
4954
4962
4958
4958
4952
4952
4970
4960
4956
4960
4951
4953
4951
4956
4956
4967
4956
4956
4948
4954
4959
4961
4957
4953
4965
4949
4963
4955
4956
4951
4969
4950
4960
4963
4959
4950
4953
4955
4949
4960
4952
4960
4953
4950
4961
4961
4963
4957
4955
4952
4956
4957
4958
4960
4961
4955
4962
4967
4945
4971
4957
4957
4966
4952
4956
4957
4950
4959
4959
4954
4959
4964
4961
4956
4950
4963
4961
4955
4960
4953
4961
4958
4960
4963
4958
4960
4953
4955
4965
4953
4960
4953
4954
4955
4957
4964
4960
4949
4958
4959
4966
4957
4966
4960
4961
4954
4960
4961
4957
4962
4950
4966
4957
4962
4957
4956
4963
4964
4952
4954
4965
4964
4953
4967
4953
4958
4959
4960
4954
4961
4956
4958
4954
4962
4954
4951
4950
4957
4962
4950
4956
4953
4955
4957
4954
4958
4954
4959
4951
4961
4964
4954
4959
4955
4964
4959
4955
4958
4963
4957
4963
4953
4960
4959
4957
4957
4960
4957
4960
4952
4958
4952
4954
4964
4960
4959
4956
4952
4958
4958
4959
4955
4964
4954
4959
4957
4952
4962
4957
4963
4949
4962
4959
4962
4957
4957
4961
4960
4959
4961
4959
4949
4960
4959
4955
4958
4958
4953
4954
4958
4956
4969
4956
4950
4962
4968
4963
4958
4953
4953
4959
4949
4950
4956
4957
4961
4956
4960
4957
4959
4954
4963
4953
4960
4965
4957
4950
4958
4962
4958
4955
4955
4958
4958
4958
4951
4954
4955
4953
4968
4958
4956
4955
4957
4956
4955
4966
4965
4962
4951
4959
4951
4953
4955
4967
4966
4965
4958
4960
4956
4950
4952
4957
4954
4957
4959
4955
4965
4966
4955
4960
4954
4951
4953
4949
4953
4963
4958
4955
4951
4959
4952
4953
4953
4952
4949
4958
4955
4956
4956
4971
4954
4953
4956
4959
4965
4959
4952
4955
4967
4952
4960
4961
4962
4965
4956
4956
4958
4950
4951
4961
4959
4956
4953
4954
4959
4959
4963
4960
4951
4960
4950
4958
4963
4949
4950
4952
4956
4955
4950
4958
4960
4958
4962
4954
4943
4960
4954
4961
4946
4960
4962
4955
4948
4952
4947
4966
4956
4966
4961
4955
4949
4955
4953
4956
4954
4958
4956
4960
4954
4967
4956
4954
4953
4970
4959
4947
4967
4952
4956
4949
4949
4953
4956
4962
4960
4961
4954
4968
4959
4958
4951
4961
4960
4960
4963
4955
4964
4955
4963
4956
4965
4961
4957
4952
4959
4963
4969
4958
4957
4958
4952
4954
4957
4955
4961
4963
4960
4959
4955
4957
4957
4954
4947
4961
4962
4952
4958
4953
4964
4955
4963
