3997
2805
3997
6036
6007
3113
3997
3997
3997
3997
5340
2019
3997
3997
3997
3997
3997
2033
3996
3997
3997
2930
4001
3997
3997
3997
3997
3997
3996
3997
3997
3996
3997
3997
3997
3997
4856
3997
3997
3997
3997
3997
3996
3997
3997
3997
4971
3997
3997
3997
3997
8077
3997
3997
3997
4740
3997
3997
5110
3998
3997
3997
3997
3997
3997
2808
3997
5619
3997
3997
2701
3997
3997
3997
3997
3997
3997
4420
3996
3997
3997
3997
3997
3992
3997
3997
3997
4001
3997
3997
3997
3997
3997
3997
3997
3997
3997
3997
3997
3997
3997
4128
3997
3997
3997
3997
3997
3997
3996
3997
3997
3996
6947
4067
3997
3997
3997
3996
3997
3997
3997
5307
4046
3997
3997
3997
5052
3273
3997
3997
2968
6583
3998
3997
3997
3997
6117
3997
3997
3997
3997
3997
3997
3997
3996
3997
3997
3997
3997
3301
3997
3997
3996
3997
3997
3997
3997
3997
3997
3997
3997
4604
3997
3997
3997
3997
3997
3997
3996
3997
3997
4933
3996
3997
3997
3997
3997
3997
3997
3997
3997
3997
3997
3996
3997
3997
3997
3997
3998
3997
3997
3997
3996
3996
3997
3997
3997
3996
3998
3997
3997
3997
3997
3997
3997
3997
3997
3997
3997
3997
3997
3997
6061
3997
3997
3997
3997
4561
3997
3997
3793
3997
3997
2589
3997
3997
3997
3997
3997
3997
3997
3997
4003
3996
3997
3997
6104
3997
3997
3997
3997
3997
3997
6022
3997
3997
3997
3997
3997
3997
3997
3997
3997
3997
3996
3997
3997
3997
3997
3997
3997
3997
3997
3997
3997
3997
3996
3997
3997
6012
3996
3996
3997
3997
3997
3997
4615
3997
3997
3997
3997
3997
3997
3997
3997
3997
4764
3997
3997
4086
3997
3997
6010
3996
3997
3997
3997
3998
3997
3997
3997
6681
4031
3997
3997
3996
3997
3997
3997
3997
3997
3997
3997
3997
3997
4338
3998
3997
3997
4035
3996
4083
3997
3997
3997
3997
3997
3997
3997
3996
3997
3997
4032
3997
3997
6444
3997
3997
6074
4343
3992
3997
3997
3997
3997
3997
3997
3997
3997
3997
4055
5279
3997
3997
5229
3997
3997
3996
3997
3997
3997
3425
3996
3997
4505
5035
3997
3997
3998
3997
3997
4358
3823
3997
3997
3997
3997
6008
4048
3997
3997
3997
3997
3997
3997
3997
6047
3997
3997
2918
3997
3997
3997
3997
3997
3996
3997
3123
3997
3996
3997
3996
3997
3997
3997
3997
3997
2597
6288
3997
3997
3997
3997
3997
4038
3997
4007
3997
3997
3997
3997
3997
3997
3997
3996
3997
3997
3997
3997
4711
4097
3997
4098
2701
3997
3997
3997
3997
3997
3997
3997
3997
3997
3997
3997
3997
3997
3997
3997
3998
3997
3997
4593
3997
3997
3996
3997
3997
3996
3997
3997
3997
3997
3996
3996
3997
4528
3997
3997
6191
3997
3421
3997
3997
3997
4565
3997
3997
3997
4079
3997
3996
3997
3997
2698
3997
3996
3997
3997
3997
3997
3997
5176
3997
3997
3997
3997
4021
3997
3997
