1999
1999
1999
1999
1999
1999
1999
1999
1999
1999
11183
1999
1999
1999
1999
1999
1999
6568
1999
1999
1999
1999
1999
1999
1999
1999
22842
1999
3288
1999
1999
1999
1999
1999
1999
1999
1999
1999
7978
10908
1999
1999
1999
1999
1999
1999
1999
1999
1999
1999
1999
13225
1999
2635
1999
1999
1999
1999
1999
1999
3647
1999
5967
1999
1999
1999
1999
1999
1999
6090
1999
1999
1999
1999
1999
1999
81652
1999
1999
4990
1999
1999
1999
1999
3632
1999
1999
12950
9133
1999
1999
1999
1999
1999
1999
1999
1999
1999
1999
1999
1999
1999
1999
1999
1999
1999
1999
1999
1999
1999
1999
1999
1999
1999
1999
1999
1999
1999
1999
1999
1999
1999
1999
1999
1999
1999
1999
1999
1999
1999
1999
9865
1999
1999
1999
1999
1999
1999
1999
1999
6751
1999
1999
1999
1999
13684
1999
1999
1999
1999
1999
1999
1999
1999
1999
1999
1999
1999
1999
1999
1999
1999
1999
1999
1999
1999
1999
1999
1999
1999
1999
1999
1999
1999
1999
1999
1999
1999
14800
2497
1999
1999
1999
1999
1999
1999
8240
1999
1999
1999
1999
1999
1999
1999
1999
1999
1999
1999
1999
1999
1999
1999
1999
1999
1999
1999
1999
1999
1999
1999
1999
1999
1999
1999
4212
1999
1999
1999
1999
1999
1999
1999
1999
1999
1999
1999
1999
1999
1999
1999
2002
1999
1999
1999
1999
1999
1999
1999
1999
1999
16342
1999
1999
1999
1999
1999
1999
1999
2555
1999
1999
1999
1999
1999
1999
1999
1999
1999
1999
1999
9681
1999
1999
1999
1999
1999
1999
1999
1999
1999
1999
1999
1999
1999
1999
1999
1999
1999
1999
1999
1999
1999
1999
1999
1999
1999
1999
1999
1999
1999
1999
1999
2000
1999
1999
1999
1999
1999
1999
1999
1999
1999
1999
1999
1999
1999
1999
1999
1999
1999
1999
1999
1999
1999
1999
1999
1999
1999
1999
1999
1999
2000
1999
1999
12044
1999
1999
1999
1999
1999
1999
1999
1999
1999
1999
1999
1999
1999
1999
1999
1999
1999
3110
4121
1999
1999
1999
1999
15079
1999
7430
7994
1999
1999
1999
1999
1999
1999
1999
1999
1999
24724
1999
1999
1999
1999
1999
1999
1999
1999
1999
1999
1999
12527
4621
1999
1999
6203
1999
8881
1999
1999
1999
1999
1999
1999
1999
1999
1999
1999
1999
1999
1999
1999
1999
1999
1999
1999
1999
1999
1999
9776
1999
1999
1999
1999
3797
1999
1999
1999
1999
1999
22609
1999
3641
1999
1999
1999
1999
1999
1999
1999
1999
1999
1999
1999
1999
13904
1999
1999
1999
1999
1999
1999
1999
20933
1999
1999
2000
1999
1999
1999
1999
1999
1999
1999
2000
1999
1999
1999
1999
1999
1999
1999
1999
1999
1999
1999
1999
1999
2644
1999
1999
1999
1999
1999
1999
1999
1999
4992
1999
1999
1999
1999
1999
1999
1999
1999
1999
1999
1999
1999
1999
2173
1999
1999
1999
1999
2071
1999
1999
1999
1999
1999
1999
1999
1999
1999
1999
1999
