7997
12062
7997
7997
7997
7997
7997
7997
7997
7997
8142
7997
7997
7997
7997
7997
7997
7997
6914
10187
7997
7997
7997
7997
7997
12075
7997
7997
7997
7997
8000
7997
7997
7997
7997
7997
7997
7997
7997
5680
12143
7997
7997
7997
7997
7997
8735
7997
8141
7997
8069
4604
7997
7997
7997
7997
7996
7997
10171
7997
13967
7997
7996
7997
8040
7997
7997
7997
7997
7997
7997
7997
7997
7997
7997
7997
7997
7997
7997
7997
7997
7997
7997
7997
7997
7997
7997
7997
7997
7997
7997
7997
7997
7997
7997
7997
7997
7997
7997
7997
7997
7997
7997
8132
7997
8182
12070
7997
7996
7997
7997
7997
7997
7997
7997
7997
3999
7997
7997
7997
7997
12134
7996
7997
7997
7997
7997
7996
4367
7997
7997
7996
7997
7998
7997
8014
7997
8155
7997
7997
7997
7997
7996
7997
7997
7997
7997
7997
12069
7997
7997
7997
7997
7997
7997
7997
7997
7997
7997
8029
12795
7997
7997
7997
7997
7997
7997
7997
7997
7997
7997
7997
7997
7997
7997
7997
7997
9530
7997
7997
7997
5536
7998
7997
8191
7997
7997
7997
7997
7997
7997
7999
7997
7997
7999
7997
7997
7997
8027
7996
7997
7997
7997
12086
7997
7997
8061
7998
7996
8151
7997
7997
7997
7997
7996
8503
7997
7997
7997
7997
7997
7997
7997
7997
7997
7997
7997
7997
5746
7997
7997
7997
7997
12229
7997
7997
7997
7997
7997
7861
9359
7996
7997
7997
7997
7997
7997
7997
7997
6826
7997
7302
7997
7997
4517
7997
7996
7996
7997
7997
7997
7997
7997
7997
7997
7997
7997
7997
7997
7997
12011
7997
7997
7997
7997
8721
9408
8031
7997
7997
7997
7997
7997
7997
8158
4296
7997
7997
7997
7997
7996
12011
7997
7997
9916
7997
5029
7997
7997
7997
7997
7997
10793
7997
5495
7997
7997
7997
7997
7997
8125
7997
7997
11479
7997
7997
7997
7997
7997
7997
5555
7997
7997
5178
7997
7997
7997
7997
7996
7997
7997
7997
10139
5655
7997
7997
6862
7997
7997
7997
7997
4874
7997
7996
7997
7997
7999
7997
10490
7997
7997
7997
7997
8263
7997
7997
7997
8398
7997
7997
7997
7997
7996
7997
5624
7997
7997
7997
7997
7997
7997
7997
8136
8095
7997
7997
4375
9021
7997
7997
7997
7997
7997
7997
7997
8458
7997
7998
7997
7997
7997
8552
7997
7997
7997
7997
7997
7997
7997
12112
7997
7997
7997
7997
7997
7997
7997
7997
7997
8128
7997
7997
7997
7997
7997
7997
7997
7997
7998
7996
7997
7997
7997
7997
7997
7997
7997
13715
8247
7997
7997
7997
7997
7997
7997
7997
7997
7997
7997
7997
7997
7997
7996
12193
8931
12125
8088
7997
7997
7997
7997
7997
7996
7997
7997
7997
7997
7997
7997
7997
7997
7997
7997
7997
7997
7997
7997
7036
7996
7997
7997
7997
7997
5225
7996
7997
6100
7997
7997
7997
13647
7997
12084
7997
7996
7997
7997
7997
7997
7997
7997
8069
7997
7997
7997
7997
7997
7997
7997
7997
