999
999
999
999
28406
999
999
999
999
999
999
999
1444
999
2599
999
999
999
999
999
999
999
17178
999
999
999
999
999
999
999
999
999
999
999
999
999
999
999
999
999
5755
999
999
999
999
999
999
999
999
999
999
999
999
999
999
1293
999
999
999
999
999
999
999
999
999
999
999
999
12633
999
2710
999
999
999
999
999
999
999
2406
999
3204
999
999
999
999
999
999
999
999
999
999
999
999
999
18006
999
999
6592
999
999
999
999
999
999
999
999
999
999
999
999
999
999
1961
999
999
999
999
3900
2298
999
11235
999
999
999
999
999
999
999
999
999
999
1000
999
999
999
999
999
1372
999
999
3392
999
999
999
999
999
999
999
999
999
999
999
999
999
999
999
3770
999
999
999
999
999
999
999
999
999
999
999
999
999
999
999
999
999
999
999
999
3080
999
999
999
999
2295
999
999
999
999
999
999
999
999
999
2762
999
999
999
999
999
1000
1829
999
999
999
999
999
999
999
999
999
999
999
999
999
999
999
999
999
999
999
999
999
999
999
999
999
999
999
999
999
999
999
999
999
999
999
999
999
999
999
999
999
999
12058
999
999
999
999
999
999
999
999
999
999
13094
999
999
999
999
999
999
999
999
999
999
999
999
999
1001
999
999
999
999
999
999
999
999
999
999
999
999
1000
999
999
999
999
999
999
999
999
999
999
1001
999
999
999
999
999
999
999
999
8375
999
999
1131
999
999
999
999
999
999
6115
999
999
999
999
999
2095
999
1000
999
999
999
999
999
999
999
999
999
999
999
999
999
999
999
999
999
999
999
999
999
999
999
999
999
999
999
999
999
999
999
1681
24266
999
999
999
1372
999
999
999
999
999
999
999
999
999
999
999
999
1184
999
999
999
999
999
999
999
999
2359
999
999
999
999
1300
999
6520
999
999
999
999
999
999
999
2144
999
8809
999
999
999
999
999
999
999
999
999
999
9596
999
999
999
999
999
999
1471
999
999
2857
999
999
999
999
999
999
999
999
999
999
6910
999
999
999
999
999
999
999
999
999
999
1614
999
999
999
1108
999
999
999
999
999
999
999
999
999
999
999
999
999
999
999
999
999
999
1147
7933
999
999
999
999
999
999
999
999
999
999
5545
999
999
999
999
999
999
999
999
999
999
999
999
999
999
4562
999
999
999
999
999
999
999
999
999
999
999
999
