2999
2999
2999
2999
2999
2999
2999
2999
10069
2999
2999
2999
2999
2999
2999
2999
2999
2999
2999
2999
2999
2999
2999
39752
2999
2999
2999
2999
2999
2999
54392
2999
2999
2999
2999
2999
2999
41560
2999
2999
2999
2999
42578
2999
2999
2999
2999
2999
2999
2999
2999
2999
34284
2999
2999
2999
2999
2999
2999
2999
2999
9835
2999
2999
2999
2999
2999
3983
2999
2999
2999
2999
2999
2999
2999
2999
2999
2999
2999
10869
2999
2999
2999
8713
2999
2999
2999
2999
2999
5633
2999
2999
2999
2999
2999
2999
8629
2999
2999
2999
2999
2999
2999
2999
2999
2999
8468
2999
2999
2999
2999
2999
2999
2999
2999
2999
2999
2999
2999
2999
3000
2999
2999
2999
2999
2999
2999
2999
2999
17796
2999
2999
2999
2999
2999
2999
2999
2999
2999
2999
2999
2999
2999
2999
2999
2999
2999
2999
2999
2999
2999
2999
2999
2999
2999
2999
2999
2999
2999
2999
2999
2999
2999
15038
2999
2999
2999
2999
2999
2999
2999
2999
3435
2999
2999
2999
2999
2999
6934
2999
9117
2999
2999
2999
2999
2999
2999
2999
2999
2999
2999
2999
2999
2999
2999
2999
2999
2999
2999
2999
2999
2999
2999
2999
2999
3000
9835
2999
2999
7249
2999
2999
2999
2999
2999
2999
2999
2999
2999
2999
2999
2999
2999
2999
2999
12577
2999
2999
2999
2999
2999
2999
2999
2999
2999
2999
2999
2999
2999
20794
2999
2999
3247
2999
2999
2999
2999
2999
2999
2999
5651
2999
2999
4649
2999
2999
2999
2999
2999
2999
2999
2999
2999
2999
2999
2999
2999
2999
3000
2999
2999
2999
2999
2999
2999
2999
2999
2999
2999
2999
10380
2999
2999
2999
2999
2999
2999
2999
2999
14124
2999
2999
2999
2999
2999
2999
2999
2999
2999
2999
2999
2999
2999
2999
2999
2999
2999
2999
2999
2999
2999
2999
2999
2999
2999
2999
2999
2999
2999
2999
2999
2999
14326
2999
2999
2999
2999
2999
2999
2999
2999
2999
2999
11820
2999
2999
2999
2999
2999
2999
2999
2999
2999
2999
2999
3817
2999
2999
3017
47487
2999
2999
2999
2999
2999
2999
2999
2999
2999
2999
2999
2999
2999
2999
2999
2999
2999
61108
2999
2999
2999
2999
2999
2999
2999
2999
2999
2999
2999
7526
2999
4691
3536
2999
2999
2999
2999
2999
2999
16511
2999
3809
2999
2999
2999
2999
14775
2999
3000
2999
2999
2999
2999
2999
2999
2999
2999
2999
2999
2999
2999
48779
2999
2999
2999
2999
2999
2999
2999
3000
2999
2999
2999
2999
2999
2999
2999
2999
2999
2999
2999
8637
2999
2999
2999
16801
2999
2999
2999
2999
2999
2999
2999
14076
2999
2999
2999
2999
2999
2999
2999
2999
2999
18057
2999
2999
2999
2999
2999
2999
2999
6874
2999
2999
2999
2999
2999
2999
2999
2999
2999
2999
2999
2999
34981
2999
2999
2999
2999
2999
2999
2999
2999
2999
2999
3150
2999
2999
2999
2999
2999
2999
2999
2999
2999
2999
2999
2999
2999
2999
