1997
1997
1997
1996
1997
1997
1996
1997
3002
1997
1996
1997
3012
1997
1997
1333
1997
1997
1997
1997
1997
1997
1997
2023
1997
1997
3035
1996
1997
1997
1997
1997
3061
1997
1997
1997
3116
1996
1997
1092
1997
2196
1996
2029
2241
1997
1996
1997
1997
2219
1997
1997
1997
1997
1997
3065
1997
1997
1997
1996
1997
3025
1997
1997
1997
1997
1997
1997
2962
1997
1997
1997
1997
1997
1997
1997
2025
1996
1023
1996
1997
1997
1997
1997
1997
1997
3000
1476
1997
1997
1997
1997
1997
1997
1997
1997
1997
1997
2471
1997
1997
1997
1997
1997
1997
2541
2376
1997
1997
1997
3186
1997
2057
2010
1997
1997
1996
2620
1997
2169
1997
1996
1997
1997
1997
1057
1997
1997
1997
1997
1997
1996
1996
2389
1997
1995
1997
2030
1997
1997
1997
1997
1997
2009
1997
1997
1997
1997
1449
1997
1997
1997
1997
1997
2377
1997
1997
1997
1997
1997
1997
1429
1997
2884
1997
1997
1997
1997
1997
1997
1997
1997
1997
1997
1997
1997
1997
1997
2229
1997
1997
1997
1997
1997
1997
2348
1997
1996
1997
1997
1997
1997
1997
1997
1996
1997
1997
2075
1996
1997
1996
1997
1997
1997
1690
1997
1997
1997
1997
2287
1997
1997
1997
1997
1997
1997
1997
1997
1998
2685
1996
1997
1997
1996
3020
1997
1997
1997
1996
1997
1997
1997
3034
2045
1997
1997
2003
1997
1997
1997
1997
1997
1997
1997
1997
1997
999
1997
1997
1997
1997
1605
1997
1997
1996
1998
1997
1997
1554
1997
3020
1997
1996
1997
1998
1997
1997
1997
1997
2103
2995
1997
1997
1997
3017
1997
1997
1997
1997
1997
1997
1997
1997
1997
1997
3051
1999
1997
1997
1997
1997
1996
1997
2056
1997
1644
1996
1997
1997
1997
1996
1997
1997
1681
2059
1997
1997
3007
1997
1059
1997
1997
1997
1997
1997
1997
1997
1996
1997
1997
2004
1998
1997
1997
1997
1997
1996
3106
2606
1997
1997
1997
1997
1997
1997
1996
1997
1997
1997
1997
1997
1997
3030
1997
1997
1996
1997
1997
1997
1997
1997
1997
1997
1997
1997
1242
1997
1997
1997
2049
1997
1997
2014
1997
1997
1997
1059
3007
1997
1996
1997
1997
1393
1378
1997
1166
2724
1997
1997
1996
1997
1997
1998
1997
1997
1997
3157
1997
1997
2017
2451
1997
1997
1997
1997
1997
1997
3463
1997
1107
1997
1997
2614
1997
1997
1997
1997
1997
1997
1997
1997
1325
1997
3096
1997
1997
1997
1997
1997
1997
1997
1997
1997
1997
1997
1997
1997
1997
1997
1997
1997
1996
1997
1997
1676
1996
1997
1997
1997
1997
1997
1997
1997
1997
2179
1997
1997
3017
1997
1997
1997
1996
1997
1997
3026
1997
1997
1171
1997
1997
1997
1997
1997
2647
1355
1997
1997
1997
1997
1997
1997
1997
2022
1997
1045
3021
1997
1996
1997
1997
1997
1996
1997
2027
1997
1997
2543
1997
1997
1997
1997
1997
1997
1996
1997
1997
3026
1997
1997
1997
