5997
5997
5997
6130
5997
5997
5997
7241
5997
5997
9085
7629
5997
10531
4399
5996
5997
5997
5997
9156
5997
5997
5997
6236
3034
3450
5996
6406
5997
5997
7448
5997
5997
4800
3006
5997
5996
5997
6010
3908
5997
5997
5997
5997
5997
5997
5997
5997
5997
9457
5997
5997
6052
5997
5997
5996
5997
5997
5997
5997
5997
4100
5997
5997
5360
5996
5997
5997
3219
5997
5997
5997
5997
5997
5997
5997
5997
5997
5997
9137
9059
5997
5997
5997
5997
5997
5997
9009
5997
4900
5997
5997
8042
5997
5997
5997
5997
5997
5997
5997
5997
6078
5997
5997
5997
5997
5997
5997
5997
8999
5997
11705
5997
9167
5997
5077
9072
5997
6051
5997
8732
5997
5997
7127
5997
5997
5997
5997
5997
5997
5997
5997
5997
7139
5997
5997
5997
4330
6139
5997
9908
5997
5997
5997
5997
5997
5997
5997
9084
6129
5997
5997
5997
5997
5997
5997
5997
5997
7937
5997
5997
5997
5997
5997
5997
5997
5997
5997
5997
5997
5997
5997
5997
5997
9019
5997
6004
5997
5997
5997
5997
9047
5997
5997
6123
6142
5997
5997
5996
5997
5997
5997
5997
6136
5997
5997
5997
9005
5999
5997
5997
9023
5997
5997
6840
5997
5997
5997
5997
5997
5997
5997
5997
5997
5997
5997
5997
5997
5997
5996
5997
5997
5996
5997
5997
7454
5996
5997
5998
5997
5624
5997
5997
5997
5997
5997
5997
5997
5997
5997
5997
5997
5997
3721
5997
5997
5997
5997
5997
5997
5997
5997
5996
5997
5997
5997
8997
5997
5997
5997
5997
5997
3119
6661
5997
5997
5997
5997
5997
5997
5997
5997
5997
7673
5997
5997
5997
5997
5997
5997
5997
5997
5997
5997
5997
5997
5997
5997
5997
5997
5997
5997
5997
4711
5997
5997
5997
5997
5997
5997
5997
7703
3906
6261
3871
5997
5997
5997
5997
5997
5997
5997
5997
5997
5997
5998
5997
5997
5997
5997
4216
5997
10066
5996
6709
5997
5997
9039
5997
5997
5997
5997
9093
5997
5997
5997
5997
5997
5997
5997
5997
5997
5997
5998
5997
9408
9990
5997
5997
5997
5997
5997
5997
5997
5997
5997
5997
5997
5997
5997
5997
6619
5997
6837
3477
5997
5996
5997
5997
5997
5997
5997
9129
5997
5997
6140
5997
5996
5997
5997
5997
5997
5996
5997
5997
5997
5997
5997
5997
5997
5997
5997
6061
5997
5997
5997
5997
3629
5996
5997
5997
5997
5997
5997
5997
5996
5997
5997
5997
5997
5997
5997
6011
5997
5997
5997
5997
5998
9137
5997
5996
5997
5997
5997
5997
5997
5997
5997
5997
5997
5997
9003
5997
5996
5997
5997
5997
5997
5997
5997
5997
5997
5997
5997
5997
5996
5997
5997
5997
5997
5997
5997
5997
5996
5997
5997
5997
5997
3944
9054
5997
8992
5997
5997
5995
5997
5997
3869
5997
6055
5997
6636
5997
5997
5997
5997
5996
5997
5997
5997
5997
5997
5030
5997
5997
5997
5997
8041
5997
5997
5997
4703
5997
7367
5997
5998
5997
6019
5997
5997
