3999
3999
56176
3999
3999
3999
3999
3999
3999
3999
3999
3999
3999
3999
3999
97479
3999
3999
3999
3999
3999
3999
3999
3999
3999
3999
3999
3999
3999
3999
3999
3999
3999
3999
16898
3999
7415
48905
3999
3999
3999
3999
3999
4000
52808
3999
3999
3999
3999
3999
3999
19129
3999
3999
3999
3999
3999
3999
8385
3999
3999
3999
3999
3999
3999
3999
3999
3999
3999
3999
3999
3999
3999
3999
3999
3999
3999
304370
3999
3999
3999
3999
3999
3999
3999
3999
3999
3999
3999
3999
3999
3999
3999
3999
3999
3999
3999
3999
3999
3999
3999
3999
3999
11305
3999
3999
3999
3999
3999
3999
3999
4810
3999
8764
3999
3999
3999
3999
3999
3999
3999
3999
3999
3999
3999
3999
3999
3999
12329
3999
12873
3999
3999
24936
3999
3999
3999
3999
3999
3999
3999
3999
3999
3999
3999
3999
3999
3999
3999
3999
3999
3999
3999
3999
3999
13003
3999
3999
3999
3999
3999
3999
3999
3999
3999
3999
3999
3999
40352
3999
3999
3999
3999
3999
3999
3999
3999
3999
3999
3999
3999
3999
3999
3999
3999
3999
3999
3999
3999
3999
3999
3999
3999
3999
3999
3999
30874
14582
3999
3999
3999
3999
3999
3999
3999
3999
3999
3999
3999
3999
3999
3999
3999
3999
3999
3999
3999
3999
3999
3999
3999
4556
3999
3999
3999
3999
3999
3999
3999
3999
34055
3999
4342
18375
3999
3999
3999
3999
8178
3999
3999
3999
3999
3999
3999
3999
8846
3999
3999
3999
3999
3999
3999
3999
64939
3999
3999
3999
3999
3999
5987
3999
3999
3999
3999
3999
3999
3999
3999
3999
3999
3999
12611
3999
3999
3999
3999
3999
3999
3999
3999
3999
3999
77301
3999
3999
3999
3999
3999
3999
3999
3999
3999
3999
3999
3999
3999
3999
3999
13698
3999
3999
3999
3999
3999
3999
3999
3999
3999
3999
3999
3999
3999
3999
3999
3999
3999
3999
8086
3999
3999
3999
3999
3999
3999
3999
5853
3999
3999
3999
3999
3999
3999
3999
3999
3999
3999
3999
3999
3999
3999
3999
3999
3999
3999
3999
3999
3999
3999
3999
3999
3999
3999
3999
3999
3999
3999
3999
12058
3999
3999
3999
3999
3999
3999
3999
3999
3999
13521
3999
3999
3999
3999
3999
3999
3999
3999
4000
3999
3999
3999
3999
35650
3999
3999
3999
3999
3999
3999
3999
3999
3999
3999
20990
3999
3999
3999
3999
3999
7625
3999
3999
3999
3999
3999
3999
3999
3999
10727
3999
3999
3999
3999
3999
3999
3999
3999
3999
3999
3999
3999
3999
3999
3999
3999
3999
3999
3999
3999
7718
3999
5493
3999
3999
3999
3999
3999
3999
3999
3999
3999
3999
3999
3999
3999
14591
3999
3999
3999
3999
3999
3999
3999
3999
3999
18418
3999
3999
3999
3999
3999
3999
3999
3999
3999
3999
3999
3999
3999
3999
3999
66600
3999
3999
3999
3999
3999
3999
3999
3999
3999
3999
3999
3999
3999
3999
3999
3999
3999
3999
3999
3999
18522
3999
3999
3999
11746
3999
3999
3999
