3564
11784
6988
3531
5913
3786
5298
6455
4986
4603
7364
4497
6368
5527
8879
3441
4092
5745
4126
8775
8142
5485
17026
5698
7677
3424
6887
3636
4989
7570
3122
4571
6940
5834
8814
6738
10857
6658
7893
3137
5726
4013
6027
6651
8493
7027
7832
11306
3479
9885
9602
7228
3797
4722
8252
7509
11013
14655
6764
4114
7460
3428
7190
3965
4443
4993
4261
8315
6676
5044
6201
6829
13742
7950
6848
5448
7705
5791
5177
8403
4768
4066
7314
3920
3837
6860
6252
5246
5396
3695
6024
5633
5804
9634
6727
5091
4939
4215
6860
3835
3625
4540
6936
4543
3669
8096
3459
5515
5603
5183
3533
4842
8588
8301
9551
7993
3993
5034
6221
9580
5319
6398
6373
4057
7588
9494
5458
3454
4734
6687
6463
6707
7402
9005
4576
7875
3032
12758
4412
7444
4704
8347
3719
5060
3425
5437
9981
7562
6100
4781
6660
5729
5147
6139
5819
4958
11116
3009
3463
6535
10099
3084
5987
4778
7931
3861
5602
3327
6807
5422
4629
7276
5012
5882
7750
5471
6179
6713
6861
6397
6601
5174
7264
9058
6065
6604
4220
7310
4067
7601
4636
6273
7062
5796
6339
7179
6684
11571
8922
7455
5640
5053
3001
5140
5223
6020
12159
5410
5582
7016
4343
8051
5317
7558
5125
3150
10442
4915
6069
9184
6468
8407
4061
6326
6866
7999
5692
3316
9582
4593
8775
6497
3331
3906
8074
8542
6325
5769
4078
3903
4453
4002
3280
4667
4869
8062
4899
6751
3011
6762
6277
5686
4440
4161
7123
3668
5894
4934
5225
3441
3195
5479
6508
3619
3427
6553
3600
3910
4757
3845
6501
6417
4566
3995
3572
5365
6530
6835
3873
8679
4191
4139
5769
4591
4914
3512
5201
5941
4592
7582
4966
9976
4174
6105
3098
7216
13140
3140
8225
7010
5801
8582
3437
3471
6970
5385
9773
6388
4871
4745
9890
8068
5463
6172
6042
5793
8553
4550
6395
3894
9295
3125
3501
5692
7979
6153
4046
3510
7048
6990
4313
5129
7594
3124
4360
7281
7934
10424
3760
3750
3720
4864
3086
4532
5488
6917
4403
4574
3543
6684
5837
10196
5346
5499
7867
7121
7630
9206
8119
5159
7465
7218
4052
5834
5301
5296
6783
9653
5865
6492
6504
6201
4390
3662
3393
6251
4094
3210
5131
4783
6942
4377
11973
4998
4229
5644
12399
3608
8680
7890
3278
6987
7890
4231
5907
4861
4136
5231
6440
6263
5149
5238
5904
4842
4146
7140
5357
3611
6835
6529
4677
4987
5081
4398
7159
8148
6921
7966
5350
5335
7930
4364
5165
3905
7788
3527
4705
6088
5697
7979
6361
8064
3976
4019
8145
5000
4452
7509
3440
4317
9572
3998
7158
5014
5415
8411
4376
9138
4579
5013
5428
9264
8458
4038
5220
3141
3267
6400
7274
7540
4156
3125
3972
7387
9314
3521
4400
6259
10066
10268
3740
5051
8669
4015
3145
3823
11792
7899
3547
10018
3681
8633
3704
8541
3350
6583
3377
7310
11544
4029
4190
4776
4799
3302
3024
6670
6652
7372
11814
6081
