12026
6540
6021
8232
8994
5840
9759
4094
13002
13204
14833
8198
5782
4772
12608
5095
10298
4391
4572
10631
5392
13009
7980
7170
8708
4220
12016
8593
7430
7595
9578
9195
15073
9643
8305
4626
6808
6746
5104
6012
4983
8226
7410
4581
6622
8638
13705
13545
8431
12035
6380
4378
11953
5735
9929
5187
4856
7272
6016
7447
5221
5906
7587
5150
8204
7972
5369
8576
5193
4699
10235
9758
5971
7806
4228
7138
4766
7760
4714
4479
4148
5748
9723
11061
7219
7520
6685
10084
6377
7377
6541
6102
8573
5803
9271
9490
4323
11450
8153
5698
5427
6229
4167
7684
11307
12150
6943
6331
10923
5733
8633
11391
6578
9738
9377
11733
8606
10885
10835
5768
4789
4824
4304
7580
7023
6322
5378
4891
7306
8850
10051
12200
5227
7623
7166
7921
8438
5580
7387
12233
8586
5044
9487
8620
9079
8878
14246
4598
7067
11082
5093
7563
10872
9074
6668
4315
5410
9654
4001
13924
10226
6144
5168
8753
4140
10905
15904
9740
12773
9821
8158
9475
5167
4638
8570
5469
7140
7911
8857
4151
6355
4043
10944
6647
7597
8552
8663
12374
6679
10630
8409
9693
5521
9727
7786
6407
4905
14105
12525
7344
7908
6349
8670
10353
6366
12993
5777
4989
7119
4403
14365
4363
10610
7279
7442
7359
6340
8045
17425
5957
4027
9533
7137
7949
4339
6333
9625
9336
6444
6297
5256
7470
5051
5206
5712
8512
7708
5205
5768
10590
5093
11580
16896
8566
6273
9128
5065
6159
8668
4814
9750
4099
4466
5390
4374
9355
6217
6559
5939
7482
4957
6676
8851
4902
7614
6681
4506
4608
5705
8466
4262
9085
10789
7007
6413
9318
6148
9685
5980
7957
5350
6600
8344
7079
5011
14937
4848
8806
5449
9410
8964
5655
6620
6764
4731
4922
9005
5366
11090
16537
5136
8390
5844
7613
9295
6692
12117
8736
8153
13670
8973
11528
6041
5139
7040
4456
11333
9005
7743
8235
4421
7747
6351
4323
5560
4768
4902
9382
7203
12624
10939
8199
7358
7676
7790
9036
15267
7940
7732
8241
6129
7385
7364
8731
6274
5643
8430
7530
4441
4932
5778
8923
7220
12616
9929
5995
13889
6806
9485
11375
10733
7449
4025
7896
4135
8481
5875
6499
4146
4129
15689
6222
13370
6463
4647
5974
6828
6546
10862
5143
4910
6903
11902
7254
7225
5082
5323
8249
13961
6708
14082
5155
5019
9265
8174
4950
6720
10177
18086
4707
5249
5743
8015
6189
5755
9582
8691
4282
10236
7820
8374
10026
9093
14074
14032
7247
10050
4427
7273
5859
7550
10282
6833
5603
6477
9701
5791
4687
4916
5909
7826
8094
14246
5079
6549
6404
8929
10151
5759
13121
12672
10263
9342
13005
12951
9740
10402
8645
4269
4238
11870
7570
6395
7155
6235
4328
6284
8889
8714
5978
5080
9311
5903
8223
3999
7996
9553
13313
4658
9268
5902
4123
7487
11040
9002
7355
14436
5975
7852
8586
4665
6646
10572
4099
4516
6897
6714
5836
5508
8984
5359
4255
12237
8558
14129
7423
11403
4762
10461
4200
