5594
4431
2909
4611
7016
6436
2227
2982
3482
3979
2724
2636
4184
3615
2295
5823
2414
3535
2991
2614
3285
5212
3460
2253
2126
2350
4204
3738
3049
2311
3409
3404
3179
4244
4385
2205
2887
3494
2110
3167
3061
2326
3744
2633
4158
3340
5061
3967
4324
8935
5441
3126
4243
4952
3753
4152
2572
2002
6987
5319
4561
6785
4457
3278
2950
3422
6714
5712
3810
5674
5526
3704
2532
4925
5807
3635
6552
4004
2555
2605
4585
3458
3510
3955
3926
4613
3810
3350
2640
2577
3112
2633
7469
2660
3141
3508
7412
5371
3245
3742
3271
2200
2940
4417
2456
2757
4183
2369
2015
2814
2708
3957
3209
4004
4888
4171
2656
5217
3524
2197
4245
4618
3285
6700
4583
3741
2438
2258
3687
3864
3424
4915
4404
4584
2245
4187
3308
4998
2376
2594
3582
1999
3769
4433
2600
2322
4255
2555
2731
3332
2863
5965
2791
5481
2584
8546
5562
6353
3760
2732
3516
3448
3577
5913
5952
2466
2072
5306
4482
4411
5737
3620
6605
6133
2674
5356
6526
4083
4034
3727
3780
4238
2108
3808
4871
2669
6198
2783
7196
2238
3988
2489
3021
4725
5072
4285
4718
2291
5987
4290
6154
3521
4956
4093
2935
3608
3772
7957
2286
5431
7691
4034
6180
7153
5597
3655
3291
4431
4486
3057
2383
4723
6328
3981
4752
4380
4596
4389
4450
3415
5392
2049
6995
2584
6464
5009
3870
3911
3098
6632
5372
5139
2765
3498
3947
3724
2643
7225
2851
3282
2320
2342
5396
4933
2592
4656
2211
6548
2091
3460
5077
4851
5787
2428
3749
3624
2787
3626
2353
9174
3569
3249
4728
2842
2621
4004
4835
3624
4171
3824
4047
6744
2183
6903
3616
4618
4971
5942
2153
4434
5739
6389
3898
3730
4800
2255
5978
3613
2000
3737
2156
3431
7075
4656
2731
4334
3544
5581
5470
2868
3096
5064
3704
2732
4305
3327
3531
2968
4080
3480
4236
2977
2253
2486
4376
3586
5716
2304
3614
2468
2881
2215
4590
4076
3481
4956
2491
2475
2416
4411
3345
2297
3343
5179
5512
6245
2001
4392
3469
4253
5504
3777
3689
2100
4091
2124
7308
2374
4871
4711
4097
4427
3899
3092
3315
5229
6390
3085
7543
6447
3748
6089
4468
2914
4204
5922
3067
5801
3144
6500
5516
2416
2880
4432
2517
2441
4123
2005
2789
4488
4293
4692
3215
2071
3497
5559
3295
4684
3936
2406
4125
3945
2117
2341
4818
2088
3583
4364
3420
3828
3706
4772
3389
5786
3511
4272
4843
2934
6362
6685
3909
5164
4235
3290
3000
8175
4359
5406
5076
3939
4361
2371
3991
2517
5336
3296
4715
11432
5472
3030
3334
2065
7208
4636
2317
2163
6190
2920
2333
5140
4670
2329
3896
3890
4259
4036
4215
2725
3677
2305
2922
6835
5476
3470
5571
5926
3748
2058
3028
5277
6268
4964
2575
2407
2553
3526
5186
2570
4940
4280
3490
4117
5117
6487
2377
5834
5249
2090
5527
2128
3923
3890
4058
2430
2431
2583
5899
4251
3429
4969
