2282
1422
1842
3618
2210
2200
1688
2017
1310
1183
3511
2057
1072
2139
2035
2660
2042
1462
1652
2020
2278
1801
1820
2968
1000
1128
2083
1487
3045
1744
3092
2065
1065
1276
2315
1680
1853
1422
1832
3523
2510
3194
1280
2364
1270
1642
2833
2398
1400
1226
1748
1786
3065
1908
1929
2033
2363
1735
1760
2142
3563
2004
1543
1631
1694
2490
2939
2553
1151
1743
3253
1169
1113
1451
1860
2529
1234
1766
2169
1803
2117
4620
1244
1326
3731
2441
2065
1788
2618
1698
1960
2874
1714
1379
1606
1057
3273
3009
3060
1260
1668
1855
3047
1133
1013
1877
3218
1625
1625
1745
2473
1258
1252
2242
2332
1674
1094
1861
1232
3718
1522
1269
1445
1859
1864
1667
2157
2651
1023
1126
2506
2638
1536
2461
1580
1281
2416
2022
1443
2193
2191
2410
1634
1970
1628
2826
1622
1430
1062
2252
3120
1498
1551
1255
2157
3846
2817
2655
1747
2785
1220
3090
1736
3625
2663
2858
1237
2464
1701
2038
1182
1774
2488
2047
2274
2944
1337
1461
1224
1639
1936
1436
2474
2453
1541
2118
2217
1948
1819
1192
2248
1367
3649
1477
1682
2601
2513
3359
1618
1097
1054
2424
1927
1611
1618
1199
2656
2373
3666
1701
2140
1711
2564
1595
2788
1371
1807
1223
1677
2028
1510
3590
1817
1619
2574
1833
2611
2801
1508
1894
1270
1135
1424
2238
2396
1474
1749
1070
2883
3885
2086
3097
2018
1327
1044
1467
2147
1934
2326
1844
1190
1442
1545
1204
1945
3689
3433
1492
1295
1749
1580
1092
2668
1229
1262
4638
2424
2199
2020
1102
1654
1167
1501
1537
1572
1644
1654
1076
1986
2018
2298
2060
1697
2960
2771
3339
1368
2257
3150
1523
1442
2472
1040
1996
1062
2694
2308
1954
2439
3138
1038
1717
1137
1585
1863
1260
2829
2157
2149
1976
2684
3481
2559
2873
1249
2552
1806
2326
2335
2057
1237
2226
2515
1374
2606
1233
2277
1543
2245
1752
1830
1706
2983
2823
1611
3436
1088
2608
1979
3800
2765
1376
1162
1515
1070
1844
2929
2688
2879
2177
2460
1829
1390
1585
1751
1625
1087
1085
1061
2354
2770
1142
1401
1259
1572
1105
1868
1634
1009
2734
1648
1713
1422
1178
1460
1633
2276
1482
1275
1649
2608
1547
1491
1206
2841
1280
2954
1814
1909
2937
2066
1878
1070
1049
1537
1318
2728
1316
1620
1665
1257
2650
1582
2288
2739
1061
2907
2247
2762
1629
1071
1788
2002
2129
1083
1424
2854
1879
1942
2104
1966
1373
1544
2342
1950
2013
2010
3444
2344
1492
1764
1802
1868
2032
1764
2384
1294
2096
1155
4030
1284
2177
3559
1766
1011
1928
2164
1408
1335
1900
1344
1808
1431
1477
1313
1681
1486
1269
1369
3146
1311
1947
2166
3233
1948
2665
2579
1751
2851
2097
1350
1594
1955
2436
2172
2438
2471
2484
2278
2332
2973
1195
1043
2718
2149
1609
1552
3171
1871
2965
1461
2044
1186
1065
1234
2860
1930
1993
2171
2350
