30469
53328
56504
49216
33881
32692
85533
87295
7105
19834
49748
106204
42921
32972
30855
51609
19783
118386
59497
45097
12001
47638
68121
41356
68435
69089
77169
55620
17863
65680
80677
45442
23014
62001
53761
52286
132799
47233
51223
57791
21526
33628
48635
20874
19528
74825
40180
43758
47857
55996
55899
65193
58636
22506
54432
29091
20154
77678
46862
35773
79246
15136
33368
44941
57701
96074
77808
35115
74303
42997
40270
17870
48315
119960
86255
31136
20545
17292
27801
7949
144571
16186
57637
8888
68226
47396
46413
55512
86572
12641
98001
117640
125918
27886
44618
61717
26485
72305
105911
36590
81369
18677
27797
29351
24728
60405
32440
74000
34069
33862
42913
12316
103772
87023
33006
102821
81878
94935
66336
83617
71118
25002
31269
45412
81529
64451
45615
34912
83174
21894
19259
34085
76375
41298
35445
65284
13515
36768
16371
49187
19357
40258
58232
110052
42137
60978
75806
60815
33587
33319
67055
90093
36037
97735
32105
50511
43233
32516
10633
127301
39247
53776
74593
27448
33257
57289
55376
54079
28471
17113
37953
18550
13996
76811
70863
41649
68039
61981
70689
28336
8607
94976
59779
14644
77522
52120
75780
26509
28219
16319
93474
26316
72740
35892
112968
50007
22209
102521
78230
77793
35208
57520
37135
76511
49435
35552
10426
76963
27100
13258
91939
39839
53714
11046
76123
106663
101373
19538
30142
26425
49983
30451
34826
47437
49645
10482
29399
78000
55523
20992
46085
29354
48456
59564
60747
45645
55628
34129
57666
32523
48864
49745
17076
46056
38456
123841
47749
12601
32988
56379
18021
78496
30450
15258
35481
130047
31996
47470
84915
108297
39753
34918
49773
47573
9648
23159
48656
27032
24882
13252
14213
15777
114756
106192
46836
45199
33161
36219
29365
64571
9364
60420
49495
103078
14285
22501
37724
44882
123579
6846
24517
50971
37480
58382
18208
36869
56134
15765
88775
100102
152291
34875
36496
56128
55075
213136
47222
79184
100651
55661
118771
58198
36298
29052
88031
52912
90578
112117
17731
40376
50708
80108
10764
101501
45863
70261
20977
85268
54648
29230
119457
68761
46575
16598
68470
15784
152630
23791
26026
65874
59252
29691
32740
58952
47337
20677
82398
54223
17039
7112
135603
143220
52308
102927
42876
66479
30275
86178
28371
130257
91977
36182
93419
13044
23426
17608
38939
30522
49294
29393
158759
37897
18044
50892
67558
58671
82209
23483
76509
17149
51026
17493
32856
28396
15453
32688
33926
67000
32170
13418
64376
31162
28528
89723
42326
23912
16523
40964
158224
42607
205827
23828
40399
81537
22018
41870
60565
18189
77380
40793
38087
9780
45843
26868
18705
42942
30914
111336
15619
71586
44722
38720
78381
41925
40930
61970
79383
54838
88591
35614
86455
31602
38452
35693
20161
38497
61220
80558
51839
46142
13299
13158
29764
89261
93516
35757
101164
107966
29199
91350
126543
180361
13287
9344
129486
60296
123492
73296
32259
53737
69674
25038
90374
21164
75103
68546
59076
35735
60967
122619
93187
34336
139208
19994
34263
54015
26242
51941
46354
24143
137807
45215
54266
47342
71262
47599
57298
78765
80692
169450
33274
33796
114776
62364
9205
15338
64637
53717
47830
21135
