8993
19180
34413
15912
41547
11738
22999
11573
29081
39519
6973
30768
2457
10297
4233
26555
16614
23793
23660
5865
23060
36348
2566
11799
17390
22141
9984
26002
9493
25943
13156
5002
16502
23261
6042
4361
8277
12316
11025
8982
5803
22431
29032
4654
20544
18337
14143
7722
5213
34740
9504
12156
19644
16517
42771
4682
5622
10989
6513
36200
20786
20441
36703
14027
17682
17049
31297
18664
13620
10402
6550
27231
19093
8392
14502
20500
10641
10989
5775
13546
7851
14340
20874
18745
27162
17501
4156
17395
16739
14756
40628
8625
2957
16805
20131
29331
11412
12733
20047
10645
8058
10583
20800
43452
29020
6738
16942
6918
22285
21470
9673
37538
4979
21325
38313
25389
11893
3264
7226
19000
1752
19580
26414
9703
27049
7230
18324
6694
24137
7599
19441
26099
38715
3137
10423
29531
12951
25107
23179
11231
2565
8931
64432
33514
7973
9055
47523
11149
19512
35190
4086
13110
9425
5765
30793
14034
8652
33365
8197
3929
19320
8617
13876
22034
33211
7568
10681
10183
5055
19913
19410
20053
30037
8369
19736
37441
24359
7622
15066
14998
24103
18973
4980
23984
13071
27990
10273
19687
14263
11767
8796
56815
5254
5516
14284
50455
21483
9300
30641
1983
5488
8164
50275
39134
14301
10397
19150
28544
34147
16559
16091
21313
41700
8519
14511
32393
28796
23684
15661
15327
6936
12153
18786
44922
10518
44253
24515
7684
13862
12350
6668
15857
20321
13558
18631
3466
17277
5903
6877
6522
20521
30363
6493
8866
17736
20180
18828
30476
15802
38054
21577
42744
7922
7724
7582
17492
14944
18512
10566
12422
8311
8167
77203
22852
4196
23882
16397
13872
17954
16582
25829
34702
28400
17787
13091
25955
7098
7706
31673
16534
4506
5071
10855
53098
5440
7122
12865
14302
14545
22266
25891
47286
5471
12911
5110
20796
13605
16650
10516
36585
16091
21052
41918
3740
8396
17186
6103
8916
9254
39251
2886
19837
20028
6905
37530
6555
10335
23876
21566
15007
21646
18346
24538
14357
19316
33217
19804
36656
26372
24674
32723
22379
40779
16554
14417
6005
18752
7291
24631
16929
15198
12253
17479
18965
9563
5598
20780
22765
19881
27854
7786
21371
19128
4831
10180
16020
11627
8705
3660
25139
19067
55962
9925
33455
9103
11758
4122
21838
6013
17796
5776
21609
14128
5571
12992
14340
14565
7264
8665
8975
25880
12492
7692
34272
2080
18963
34208
19956
3852
49015
21290
5452
2197
27247
4658
30224
11573
6954
27735
5862
17683
17051
28018
10871
15313
13842
11090
48975
13061
10857
16391
32853
4389
10765
7014
7750
24677
25027
35015
4576
6896
32146
13849
9005
19497
23129
2577
7004
18196
5950
11096
11713
39873
57233
4331
9381
32812
69096
4241
31848
7989
5585
12532
12353
11856
5258
73747
10941
8543
40522
11557
17177
11197
12897
3833
17068
19808
27151
29131
12052
16757
9011
6695
13472
14171
15052
17312
18821
16795
4606
28899
22920
6372
18328
36456
3553
9980
16255
19836
8528
4281
30968
11916
24103
7655
39761
28980
6796
17756
10500
21526
17234
31409
29404
9428
11969
9607
8593
32948
25647
