32354
61431
78491
6857
86284
40563
50514
9974
39152
66084
12595
16916
43608
7948
9178
36047
59652
34314
53762
9864
16014
15025
14409
27945
16705
26415
61666
20188
112304
37886
6821
45633
34157
5007
36286
23727
33921
24558
22074
13346
26389
34555
93417
59104
42111
21133
29784
52984
51096
15650
46327
83661
8304
102290
20476
19932
33695
64225
23057
39208
67746
8819
27673
42052
9080
29216
16937
20561
14545
32818
16953
64370
86086
17046
29001
66432
19134
26449
99203
9558
10219
38775
27045
26644
19366
57328
23562
18386
80463
6864
32778
20175
12971
49782
44213
55051
79595
101985
60493
36478
39222
6045
29209
28164
14081
55928
24996
34020
24247
22856
182224
18936
17916
8043
70441
10694
11933
55759
6764
87160
14187
60740
24805
24815
46443
137584
33844
57598
33805
44513
40926
76486
87625
15920
21976
108175
47951
9741
20095
27157
12775
14190
67693
97705
25176
29098
58483
27436
11862
9934
49384
44136
22455
77693
39478
99105
26256
31382
14029
24306
65984
19663
46466
91364
60038
20784
13595
71205
25440
17039
80938
19050
23528
22471
15208
19404
17564
18296
68934
35469
37798
13718
66114
81315
8226
8456
36510
37563
73286
42112
26202
26952
20303
9927
150741
35857
14116
20189
56457
29355
14767
17942
65512
40583
39771
50334
33776
57883
36790
25503
85976
15465
78767
127631
54096
25293
83490
92741
38007
14070
35222
51915
32323
71651
100873
15182
103376
29517
30663
93859
10694
111045
44391
20787
71694
20724
41958
26184
56711
25424
16790
26848
108136
22695
149651
76081
104510
28760
24288
47635
35932
51418
22541
65034
22837
42368
16542
80487
81236
33482
24858
81057
16861
11688
44857
22958
46185
37356
26518
45827
69508
65187
139072
14160
26398
16750
74015
78342
60674
19686
17421
88370
13517
53170
19879
70831
33455
34534
38369
81037
23479
23314
75580
7384
20246
26333
19358
58170
29547
116795
27595
12058
11354
9420
17450
87080
35504
107740
36005
14430
72559
83166
18305
35889
39897
61764
29137
106446
35746
78951
9380
68328
12913
12726
15809
33318
57219
17263
17995
201913
16340
11631
12035
40302
11322
26945
48103
28565
28199
56630
65048
24523
32114
55751
40744
17068
10318
16598
32477
90661
137715
107600
41857
22179
24320
10935
57441
30153
30672
72570
33298
14882
33088
20862
15251
15656
154193
26017
26423
84625
41624
61295
8101
38284
22949
6831
59150
45856
21972
18090
18731
146267
20629
39904
46279
16443
92539
55178
23437
25464
79727
41672
7441
34660
65583
49816
40442
24747
36743
85703
42560
41686
19508
128653
16646
34174
60125
26974
46581
18110
20616
65384
10944
49579
20265
59130
95890
20149
8581
31160
38699
40366
22758
47419
30965
49924
32154
41419
31288
101380
18361
16687
48894
88282
84348
42997
28257
14877
48433
39523
44360
31656
26230
21977
30590
37065
25565
21280
31463
18938
33582
44475
63688
26673
40216
93746
39075
86875
13096
13290
24719
18834
36857
25777
23471
91487
66048
22735
30005
15208
36034
15912
23421
99373
22708
25538
35509
30088
23641
65250
50157
22643
10960
54286
68092
85580
16644
13023
24234
40309
24461
22583
24377
17258
34154
29296
38080
12234
43385
65070
