55149
95809
26920
142432
129020
14227
24179
107803
25184
74199
45823
69636
33638
18169
174291
60503
160238
56946
80581
85981
25241
125747
141881
138608
58617
70145
82343
21335
65598
75379
24100
86837
58808
51734
78178
70401
49687
76868
66092
85669
47604
109355
48908
94195
61698
138761
25132
43630
87393
22342
33687
23789
56408
39440
26038
86407
86564
36465
8910
55679
61815
122961
148430
19113
112384
131305
163765
116153
21673
200666
33795
23775
24337
103348
66637
83478
66838
330878
51002
62608
25104
89595
104214
38721
35334
106341
27671
34427
62925
48452
283099
210437
16196
53357
51591
191445
69532
57725
58057
86929
74474
43604
27994
8804
82521
202807
249696
32104
34853
25459
236496
13432
48881
55997
129989
39578
40827
78688
125874
96834
33862
132708
97989
45505
109532
54771
33145
39503
20849
163747
10952
86269
148386
98480
108774
26651
76907
20707
43743
61029
62895
132320
96699
22835
43407
31624
95368
49036
49608
48603
89453
58924
125599
49926
61011
20760
90367
121775
21710
42349
51791
54481
42188
62882
77646
69889
70728
42547
7185
77081
92120
72637
142944
34017
25071
45032
46644
34654
35012
223753
45518
51278
50904
85951
73678
58809
73143
76200
102583
104193
76283
83419
131176
91315
176027
102469
8814
21724
29647
103127
61686
97274
37745
128637
44476
35671
128222
30226
19420
53869
22859
58732
47724
20686
103162
82303
65430
55795
47170
161335
74107
26587
54903
62276
25026
86997
93075
95962
85824
87689
13230
36712
16749
17469
63283
33485
68901
35833
12648
215399
122142
126853
96878
37891
106112
29971
22988
40049
44063
44321
62256
102892
104312
39740
9140
30493
70577
62944
68728
74225
24659
62990
21223
28181
44603
50541
48335
69253
45961
89149
23439
149150
15200
31875
46969
55246
197750
36233
142124
37372
80402
44682
91507
31941
178521
67152
88873
50784
160708
45622
111243
38724
42905
51289
96588
82524
136124
86312
20447
16982
47980
48643
61108
89041
146181
44274
55343
68053
76573
69946
82891
32898
85965
35544
99711
41892
35841
90064
140814
170502
156163
60048
14080
30698
88094
38734
31109
115123
247866
103050
45191
53020
52520
197470
43743
49070
76083
169229
146883
40300
65149
50379
34865
61726
44836
91652
70581
127891
58422
74476
111586
87784
64144
18769
127442
74344
74475
161648
24404
39690
59831
55945
67935
42991
32253
88258
50097
44076
29522
74198
53624
94874
104089
88967
92409
186997
81218
21500
21862
84495
93714
57215
10137
55858
183844
59202
219889
74833
56286
91037
51447
34304
43261
82289
101460
112949
34193
65877
111320
25294
67769
57469
245196
53279
129633
56310
31336
123235
22659
118811
103128
32844
171864
113929
75567
243245
22953
84630
26750
29635
134616
84006
270588
65987
74032
61194
44968
74282
126339
15990
52057
73427
92242
60855
95824
148313
95299
21352
97277
76248
177716
46046
68379
40650
134576
35068
69075
25821
71269
54971
237496
41498
46308
36620
43519
47281
180369
91481
56998
21552
73810
328350
39888
25088
57869
65119
27178
71019
22724
53658
70176
82387
169582
34625
163323
34309
65456
63133
86535
50002
28659
100753
81544
97940
72814
36731
48525
72005
45862
81448
82785
152794
29429
37426
47519
40358
31357
91734
185080
74129
