11228
10008
9663
9006
9529
22533
7898
6786
4406
9611
7785
5987
3961
37742
14847
5299
10681
8594
14179
3627
14878
16009
11876
2832
14089
8260
2671
28477
19253
27160
12156
5413
3061
6018
12186
8391
4719
4537
28896
4664
14070
9348
17182
3491
5117
17251
9220
13538
12990
3434
8562
20579
17844
78844
15676
2911
5993
24731
9703
23926
11524
2864
11552
8261
22655
19236
7227
38754
7064
10685
13314
21821
18940
18837
8334
7179
2657
22209
7171
10453
10169
8507
10016
14848
12116
9620
6080
3509
7958
57739
11593
17571
11907
16682
49534
10907
4410
18622
6039
9485
10960
5788
12457
10392
21727
5914
2580
21940
5287
9571
5612
23558
17790
3792
6055
11459
15179
3647
8232
3419
10139
9950
12936
8544
23166
2924
23512
10266
9784
16004
5618
8202
9708
6678
5158
4839
10279
6222
9317
8456
11905
16305
48755
4628
9637
27902
35097
12318
3805
53788
15328
6628
7403
47280
3974
9404
11917
19318
7765
14381
29927
6277
6246
10503
33060
16764
9829
7315
26080
4015
7623
5215
5514
17408
13589
8101
5671
19610
4691
7862
14188
13202
7434
10934
20305
6046
22431
20640
8354
10155
5583
6366
25207
21064
34359
5673
7510
3072
12855
8336
9521
62582
14313
7932
4626
14149
15340
4603
11969
4590
8851
14374
12749
20659
20015
14248
20528
11884
24399
4004
10187
15275
14278
3857
5214
12947
45898
7378
58532
13046
18333
6833
2661
2041
8359
6911
5058
8145
38207
6584
7337
16247
31206
79321
6596
17063
10739
45267
12684
11251
4339
3414
42466
6635
29914
11016
6836
6964
3285
11730
3950
17582
8048
12316
18033
6827
28586
5804
20084
1530
8794
11747
13586
8524
4393
4450
6064
16462
6250
7589
21861
27562
34619
20862
4876
3535
10418
10781
34028
7045
17333
21792
11654
3432
15341
4281
25894
7135
29155
9095
5332
11053
9309
3863
5898
7232
11598
5507
11989
5603
10798
4572
9140
12656
20901
13566
5767
6866
41664
13028
3022
10387
9971
3687
6822
6161
24391
3831
3400
7897
5416
16176
9452
21790
9709
11062
8008
11001
6221
15023
8257
15002
3736
13487
29463
8146
12893
12355
39833
8527
14871
7274
18828
19306
28372
5549
13706
16047
8298
2467
29084
16705
3533
45402
37643
16910
4098
4706
7306
8445
7035
4768
4636
2471
7799
4963
7369
7550
17905
7795
7181
9943
33185
10465
11176
6089
4598
6433
26636
3189
6700
8356
10121
7319
36019
8941
8165
3080
10019
13252
10766
16861
5390
10158
28336
53001
7763
8651
7415
12268
34562
4284
10216
7541
13580
4062
14586
12601
6874
19011
13410
15070
9837
5778
13292
7226
7708
4162
22394
7502
17757
11850
10603
9465
3573
16837
6421
38774
6433
6903
6306
21768
7915
17404
6000
7973
36557
3250
8248
18165
12206
13737
16753
22369
2904
6924
4595
6228
49813
15581
4533
11600
14310
3645
6194
40815
7789
12685
14311
12910
22488
11525
6169
26262
7372
3528
6408
11003
11734
24453
11937
5224
9864
18505
4540
13675
3222
9919
9047
12664
8471
6952
10768
14161
7560
15676
2855
7560
8605
18645
