50512
37605
22720
7695
31604
43575
40956
9712
9505
101421
10978
16402
29434
13179
38272
37638
12420
21199
63675
67781
25568
38199
16538
40734
53022
31201
13311
27669
4923
51498
87310
20022
34325
18127
34044
35281
60551
45551
12798
6084
32114
17655
42700
41903
7426
74122
8556
47186
5759
23436
20249
7221
20599
8594
34830
86298
102078
76302
7109
50466
14285
35983
8133
10253
11442
17164
62668
18868
53618
24478
31158
19887
18683
23106
23669
8944
84354
28726
21989
6634
51016
48945
51919
17552
8499
10426
33600
29630
23883
8950
43683
7723
38610
41972
63177
106296
14231
29375
45234
19085
38849
45458
19895
68438
39886
63378
27576
23667
10934
29003
36369
28313
14649
9552
40282
34820
116465
12616
43093
44542
103024
60619
40308
9736
21614
23512
20105
33786
30878
13624
57705
37349
6626
29573
45318
12325
19224
19551
55142
57267
34805
70811
75017
37565
91508
25511
10424
29692
17195
36107
16106
42306
45770
41731
26757
22529
34172
39672
31483
37737
52391
40693
137287
22858
81211
39483
20190
66769
72287
26985
24520
54620
57210
42377
48803
29244
33233
43413
12137
23386
16135
24751
28061
7938
17846
17352
14775
75524
119493
37790
65404
34207
25483
13548
24622
21619
62012
20488
29878
44123
58694
25529
55075
17072
12069
35047
24421
85982
40935
77938
9931
23069
28272
23625
23898
32423
20980
39385
12637
23812
38724
34029
22867
55873
42731
22813
24731
12718
25953
33695
40071
22084
11803
32320
53341
34607
27769
20502
15693
40219
37869
35014
52947
11838
26117
58828
52050
63356
7406
53572
88288
21504
66747
43364
25563
20292
33900
11932
23980
13580
27098
61993
23965
26820
61336
42084
39951
29147
52698
83715
7468
14125
16961
71010
32247
45523
13813
30455
93210
78446
51666
9090
32879
30363
63804
15057
24009
25196
16107
34584
14661
46731
20123
15929
41147
107225
40009
29188
10542
57336
29975
94949
59873
19201
17515
35369
18710
79151
18172
22980
58127
45554
46979
21297
115009
34059
15565
42124
23221
24187
17940
38658
40062
20933
6305
34521
19172
55506
104298
6649
121944
49363
38111
22941
18565
34897
38647
45758
93222
60500
23864
16262
11848
5593
29029
26737
24054
5480
7623
89747
13928
24068
64868
36759
18948
21723
38539
20526
7247
48984
73454
19338
86679
20971
24813
65965
23190
28095
77096
21003
66786
11494
59343
25375
16113
37542
77311
5738
59391
16831
49132
26592
9767
22807
14742
26848
27126
44653
16800
57324
11014
51644
23182
12352
57795
28058
33302
14715
33224
42854
23112
20130
11541
76621
12570
35898
5616
33927
25549
38860
31431
42219
22394
33605
23693
13879
21239
75492
45253
55967
29888
19374
16157
60472
17326
24227
29750
13635
14825
34907
33379
28004
9161
20085
39038
4531
12831
39814
51098
60916
102022
54531
26788
67879
93725
19973
28991
64826
57823
11876
51010
33707
20957
41902
14516
21816
46314
42679
90768
42716
15238
6006
23437
16131
16744
43183
18680
28283
37547
21251
38030
19306
23632
42897
10737
32640
25464
13994
32249
78250
20093
9618
30752
20646
13055
37656
23050
11362
102498
16466
31901
41171
44316
43951
59093
5623
42571
70904
46805
55181
