50915
18370
103502
59552
35380
45885
89614
23908
34285
27663
10443
61830
32782
52406
25272
32143
38378
20219
18211
18483
79713
34758
45803
64140
212654
26930
134713
25622
84010
22823
47322
33973
57205
26078
74284
79485
32742
33194
45644
16291
11259
72789
109764
52188
68010
67980
24916
37223
15774
129894
21336
25891
27859
154707
217781
48630
54040
60694
12995
73811
15217
86163
52153
61327
15104
58473
26169
142212
110300
53421
107623
34143
62074
54620
132819
33368
84281
140759
115397
76831
301341
34258
38904
26732
35789
69784
30602
22794
71739
42701
28255
55631
56217
44426
70031
67889
17099
44643
84771
42345
37934
88501
38678
11462
37587
14198
29374
46082
99248
94704
147700
111332
14715
50384
167994
47909
29229
49293
92824
53526
101891
13939
58485
101290
25943
31337
263110
55559
21494
161761
30931
86431
54649
98561
39389
18294
49795
16297
31194
32903
68896
123610
28717
46029
61584
84540
44896
50603
22150
28106
62054
45504
51956
14275
19981
46390
69142
25172
61804
29037
24957
83168
37697
52935
128437
47302
158588
142887
25031
43425
173340
39128
68038
17082
102681
30875
40553
7543
37994
19912
107401
23292
77385
30430
11537
90858
56156
80554
88350
79770
55626
55362
233420
44858
19923
85919
30230
109017
27083
47062
21368
100696
102211
17715
35820
55910
9000
109563
27566
6987
57857
44884
62764
54917
52353
27874
28949
19843
74708
68014
48701
79936
21967
25250
22775
89991
27187
28465
7521
83320
34780
51314
56148
21542
38636
75999
80113
34030
53144
23777
17494
19836
85113
389306
52431
35156
24056
85963
45619
13096
193960
35659
43060
52899
27787
26678
70510
17528
26784
31206
51462
23718
109777
18982
106303
22630
79866
56187
121903
73897
21282
63371
45109
60318
73386
25201
30378
14040
42661
108994
117034
51009
151742
61642
7451
15402
63775
25386
62598
40448
180843
30037
23701
124480
16747
93366
12266
36316
42564
49160
156025
23825
21835
45006
18686
20722
86823
30806
23187
57981
15221
73913
47348
64328
37145
58321
107529
45579
29926
93364
10456
33147
17902
17266
55198
48820
44149
42109
38017
63440
65289
70851
17087
18140
186612
42363
18348
109975
30521
62290
20507
13102
34204
23551
84954
43834
23159
30571
18987
35460
44552
113074
36773
26714
63673
24031
74422
18884
56285
20061
55351
26169
96017
82008
16157
27338
37919
81355
104977
36976
219792
88028
11319
26828
59993
30105
21917
22540
200550
75597
208793
99069
48294
120559
97560
9572
38889
52534
111669
18921
31895
20516
67901
34735
145090
79448
53238
31158
214401
10408
51793
42114
27155
31807
31054
43692
59267
64073
87361
36227
65932
25932
50666
58605
24245
72514
44899
172091
35088
36071
31427
51027
92359
59080
70991
45176
67037
13280
35441
115748
98451
167473
43138
52000
83836
73119
43308
35773
50367
35090
27195
44242
44237
14445
14226
14445
18835
21225
79461
26192
28950
90636
38865
73126
86035
110279
37646
29764
74063
75979
57716
24060
85278
22247
57613
49595
22302
15678
57957
76768
161718
27069
31422
26015
63250
68635
10980
47137
47511
25285
14802
99256
11352
51442
118717
19816
21951
100127
58068
76550
74459
19929
49795
30451
57341
94259
44106
42332
78143
18920
