15460
7767
27612
9174
9217
5263
20813
24834
30577
15797
10482
9214
36400
10827
30774
44936
34720
7086
19190
25976
34407
13100
14153
55827
26541
48558
21955
40180
37249
19627
22658
76677
24470
19315
55206
29729
8981
19722
11052
21052
17612
23364
29219
22203
51507
19837
4144
15951
30345
15091
15898
6654
32436
33323
55388
4877
60396
23703
10219
15947
40539
17614
38858
18070
8177
7908
15768
10748
53492
17339
12492
13715
24711
26323
18010
92511
55015
11791
42108
19091
24371
20762
65224
7656
33067
25477
64022
10665
36527
51190
64382
15213
28297
40034
16417
23733
109883
20747
15955
18301
54947
8853
17713
65957
16862
31096
17591
14336
36540
21385
49728
23491
6245
6067
26297
18275
25768
10239
34476
31156
20659
9221
9292
12891
18311
70623
7898
5768
32887
15894
7666
5908
49126
28143
12390
19013
8896
21284
25383
15888
31287
49169
34793
57516
54030
32165
8649
31625
12427
5742
29818
41081
9222
23379
20927
23394
31125
81051
14618
45289
61942
10868
17064
50418
26435
28720
49324
23084
94339
24471
40864
7455
37648
15082
10568
24987
17423
58830
19561
53422
31502
69738
16102
28939
20067
21626
58992
9593
19398
38645
54560
39213
38180
25124
18931
31727
15349
23336
22443
17158
17261
47712
33977
27455
35726
27727
16426
14883
12488
28268
49134
13930
5337
11540
24146
27264
19101
10233
39669
43333
8145
52058
37780
11097
43968
18521
28610
49615
15975
29230
27890
17830
9681
23505
33225
74952
5925
59185
21754
11747
19533
11535
14585
11045
20964
19235
34819
20223
17608
23725
3538
9927
36478
22085
23702
19123
44696
30766
30978
38694
48215
10441
15780
14024
96618
13188
8581
23787
33780
11115
39229
59641
11617
28233
95208
29080
18031
57492
13021
55765
48893
12266
23981
16494
27366
38030
11401
13929
40190
16606
35307
42832
9531
13742
51264
28117
16503
25257
40334
20957
21458
6229
14077
36860
12053
17170
11502
32973
20179
30385
21758
20285
44414
42849
28742
14704
23661
12522
33359
6369
22331
7236
13436
11606
11088
9942
41254
12839
31422
47308
43323
13125
5471
64059
29218
9279
19783
11672
9903
12549
8829
30424
19298
10135
36606
29702
27823
7669
17584
45736
4541
11460
74826
41933
8252
30734
22331
17571
19945
14730
47338
6841
12626
13204
16283
9284
11321
12740
37418
36218
21766
15701
6987
31082
28885
15681
34985
11677
4043
16233
9142
22010
12536
9855
43548
24218
6518
22714
14197
7371
27547
83786
73490
60221
10534
62009
24853
7145
40257
31962
23825
31387
16887
29151
28845
13708
27514
6677
10471
47652
15769
39524
52635
17540
9958
34416
5109
44086
11517
9913
44975
12560
34253
43029
25531
55441
28233
16272
20413
5664
16696
51003
15118
9099
21972
24493
20116
22015
41882
15840
18557
71000
22325
13270
21462
15267
24446
19424
35716
26493
10152
15421
13779
16472
58326
11190
16055
20138
16652
43599
29028
50270
81019
30347
9394
14616
8317
40377
23546
6037
21428
6355
32873
74521
32921
14402
13999
57879
21448
4295
18594
10545
45195
90482
9617
15717
31371
17469
12578
25733
19402
14278
9994
19841
59144
20582
15641
10271
13789
70601
