5291
4607
5012
6067
8362
5855
9584
8625
8225
8688
7573
4778
8230
3761
6955
10751
6880
9129
6289
6311
9339
3624
6266
7843
5450
11352
6232
5242
4468
8706
9134
8173
7054
5914
4838
6717
5557
9036
7045
6303
5449
5633
4308
5402
4720
4669
4051
6178
5726
10280
7362
5240
3274
7527
4838
8347
6519
11639
5385
5474
5112
5954
4338
5397
3939
6891
6860
5040
4142
3642
9678
4661
5959
5273
4468
4557
7625
8300
6099
8054
5949
7699
9715
4264
4160
9751
4632
4802
7135
6486
5052
7011
8675
5930
6564
3756
7732
7564
5354
4985
4455
11755
5596
6068
9643
7895
4461
8075
10089
7364
5729
9434
3275
4255
6769
5064
7782
5817
6565
8741
8933
5072
4605
7693
5912
4362
9602
10488
5000
8662
8870
5533
6502
5401
7491
3585
6034
8025
12143
6784
7539
8519
5072
6041
9750
12015
9050
5156
6060
6057
8801
5345
5437
6284
9972
5320
6972
8112
7338
6415
4695
4884
6278
6188
5796
7367
6988
9384
6520
5792
6137
8554
8383
8671
5153
4347
10275
5111
5241
4163
5680
10132
9587
5024
7905
7031
5526
6842
7158
11525
4912
8167
5318
4414
6708
4553
9294
9093
5783
6792
3551
5884
4432
4674
8297
6701
6704
7092
7345
9771
6305
6311
6138
6346
8297
5792
8943
5606
5140
4391
6659
7851
7431
8948
3460
3203
6262
4121
8964
3791
7040
7655
5411
7514
8772
5993
5384
6906
6214
3445
5802
3616
5552
5345
6623
6127
7261
6497
4554
6545
8438
5957
5406
7135
8304
3621
10254
8385
6295
7491
6943
5081
4024
8283
6188
5563
10591
5985
9602
6967
4555
8508
6332
4856
8292
3865
8142
5132
5262
7426
7346
8469
9230
7299
5843
4257
4454
7497
8607
10189
7536
6292
5274
4769
4976
11474
7633
5814
9065
3862
9278
7579
8588
4732
5133
3851
5304
11249
4112
6706
5978
6819
4223
5161
7356
7981
4604
7583
5461
6174
10409
4708
8143
6935
6961
3791
6551
6599
6813
7602
5608
7285
4848
6201
8249
6327
11240
5053
12011
10757
3931
7831
4813
10766
4921
5463
9111
5948
4193
8196
4490
6518
4580
8539
8551
6177
5571
5899
7729
5545
4722
8274
5724
5649
8863
9038
10214
4955
6793
8488
4696
6157
4083
7618
4514
5325
5139
5683
4998
8088
5654
6663
11953
1999
7998
8580
5473
6117
9030
4804
4340
5652
8618
10293
6877
6126
7523
4364
5517
7163
4432
3284
7422
8009
3849
10283
4108
5364
6354
6078
6818
5301
5134
3808
6250
9622
8497
8492
6529
10395
6380
4200
8776
5514
5813
8090
8282
5890
12022
4608
5309
6253
7340
8962
4616
6887
8619
9527
5945
8425
4562
9449
9067
3633
6681
9987
9945
4763
6389
6801
3754
6789
6631
3684
7635
8844
6557
6683
6292
11672
5669
8331
4629
7708
3989
4821
5540
10915
5069
9403
6163
5350
9248
4354
8754
6145
6028
13218
6491
8976
6276
4731
8449
7010
6378
3909
5074
7743
6088
10540
6879
5059
6216
8168
5869
5065
6686
4878
5139
3402
