1954611
1942936
1946429
1951879
1953482
1956290
1941110
1956723
1945173
1942993
1955409
1933195
1956047
1948033
1943105
1932279
1947889
1950502
1954286
1948337
1950061
1941828
1955171
1964669
1954584
1947906
1950830
1957544
1952925
1939801
1953332
1954953
1950774
1956036
1944979
1953796
1949835
1941083
1946897
1949943
1946801
1950882
1952985
1961075
1943104
1946913
1944813
1959084
1957513
1933498
1940754
1954864
1947239
1945688
1946636
1943298
1938260
1939310
1930722
1957714
1965105
1955642
1940027
1952819
1955803
1956337
1961489
1966306
1941729
1956961
1940765
1957294
1944911
1950051
1939804
1950902
1942323
1933865
1945449
1937379
1932582
1944882
1957260
1937758
1963827
1952052
1946425
1945056
1953308
1945653
1953621
1950680
1940925
1942181
1947597
1950046
1943512
1935948
1949260
1933295
1962043
1950567
1953868
1934981
1936249
1946769
1958152
1947197
1941328
1942873
1946356
1933503
1946438
1939495
1957233
1955816
1941865
1962736
1943690
1953644
1941851
1945863
1936542
1946409
1945952
1957240
1947517
1935071
1933058
1954092
1948191
1948649
1953303
1935111
1936690
1941000
1950789
1948272
1950330
1943765
1944562
1933874
1935400
1949833
1939585
1957050
1950748
1956638
1938153
1950191
1945883
1951413
1933582
1927165
1952861
1964265
1950194
1961736
1949967
1953523
1968063
1942469
1951724
1941421
1947708
1943663
1938913
1948384
1939247
1949695
1944204
1962041
1956615
1955105
1943704
1958349
1958907
1957193
1953977
1951129
1959631
1944192
1951317
1953664
1961449
1942094
1946237
1963141
1952498
1949869
1953700
1959996
1957208
1930947
1951664
1938909
1961278
1942578
1947775
1946898
1945003
1940003
1951480
1945857
1957042
1945593
1946036
1951356
1957910
1946909
1945071
1948175
1935984
1940165
1955081
1946239
1961600
1951254
1935599
1953262
1949084
1947290
1957044
1926480
1955251
1955190
1950437
1960231
1954672
1934547
1950159
1932955
1938975
1961814
1936903
1945678
1951809
1948639
1945678
1939558
1936408
1959272
1946289
1961023
1965891
1951237
1944862
1938439
1938966
1934735
1942636
1937332
1954172
1955470
1947098
1943945
1946932
1950040
1947114
1943300
1939067
1952925
1961640
1950644
1944779
1954370
1955570
1942259
1956346
1946040
1941438
1944125
1923244
1940050
1947392
1953403
1943462
1949012
1951149
1963154
1935681
1950323
1945387
1953122
1937468
1957124
1946946
1952787
1951771
1955786
1964468
1953801
1946392
1949235
1945327
1942565
1945087
1963654
1950035
1943709
1944640
1945122
1942992
1941714
1953703
1941322
1957099
1956575
1946531
1944914
1945779
1951613
1950011
1955100
1964782
1950823
1943369
1958577
1959212
1934488
1941672
1943843
1947834
1932467
1951898
1945732
1945645
1931302
1934884
1958233
1958711
1942129
1940483
1958730
1937270
1934643
1947226
1952758
1947621
1952107
1944303
1945625
1942726
1958711
1954717
1956918
1946426
1962878
1951127
1966748
1943217
1946964
1941100
1950034
1944876
1946455
1943991
1935262
1950689
1947842
1960483
1936026
1939051
1945489
1945178
1934344
1951334
1935706
1953440
1949895
1946191
1961121
1962539
1957788
1948495
1957181
1944779
1950809
1954111
1946166
1932723
1947876
1939197
1916412
1941002
1960935
1949916
1953434
1944134
1946410
1959604
1948519
1950698
1941276
1961307
1957553
1950553
1934647
1957978
1953405
1948267
1944882
1927635
1953246
1948045
1961231
1954724
1940495
1951401
1929187
1943454
1945711
1940877
1946089
1966018
1921462
1956471
1953445
1935721
1930325
1946512
1948872
1942392
1965368
1945942
1940423
1958431
1950781
1959426
1947952
1959078
1948657
1960974
1945752
1958313
1949227
1951204
1961448
1951814
1940733
1951549
1958323
1944222
1960405
1957030
1940606
1959584
1949921
1945235
1948410
1939985
1959813
1958305
1958622
1941958
1953317
1950206
1935859
1936275
1955697
1930022
1946474
1946461
1952798
1953875
1942373
1944749
1956816
1943662
1946430
1947900
1960577
1931077
1946841
1944025
1939944
1956824
1934639
1946760
1952389
1969770
1934448
1932196
1942262
1953035
1942930
1951295
1947692
1950194
1944022
1935775
1947977
1952146
1953796
1949008
1957938
1953362
1945578
1942313
1943101
