10887
8444
16481
6804
14763
10793
16001
13365
14732
13257
14643
9131
13691
18208
10016
15543
11912
15087
15071
7353
16368
13882
16145
9606
8113
16730
18620
12307
8918
15467
9235
13531
14972
12586
14312
17311
12025
10134
10074
13012
17488
16999
15276
17516
11116
9382
10877
13369
8564
10680
8238
13519
13846
12554
18564
12325
19777
11216
16267
11237
14770
13760
9066
15084
12804
13108
12861
8323
9879
15822
12376
10666
7654
11292
15218
10069
15534
14560
14766
15442
14292
13090
11519
10152
8363
13400
13627
13330
12430
11580
12665
10190
18002
8879
9347
14516
14126
6550
14324
11406
16279
12656
18121
7288
17404
10463
8923
10267
9886
11301
9004
15875
12581
11731
8058
11972
15051
15240
14571
12561
10880
18324
20863
10212
15781
8294
14608
16435
9933
8580
19585
10282
12580
9914
14725
10198
11888
9567
13756
12190
13404
11310
7297
9220
10506
14420
11706
10355
8166
11753
9743
11891
14504
10214
10874
11541
12315
10716
12003
14570
12134
9928
13495
11454
19505
15301
17710
11595
11757
7388
12214
13380
13621
14200
6884
18326
12686
10055
10877
25727
12903
13563
18010
7459
6664
15127
14896
15020
11398
13031
9747
12885
16606
13860
10895
15524
13174
17124
7380
9947
13140
10261
10417
8423
6139
12970
19934
12967
23918
10344
18001
21905
10276
12225
10450
15133
13205
11095
25102
10474
19378
14850
8580
7691
14166
13668
15555
11301
15189
9331
14926
13508
14744
13276
11730
13118
12090
14512
9131
8425
14966
17484
16623
16414
8195
10512
9704
16915
8224
16145
12815
17113
19149
13799
14915
15917
11549
13317
9079
13345
28203
9488
10308
11589
10111
10950
15558
14230
9761
18265
17775
13168
11301
15698
15892
15942
12819
6411
8174
22599
20870
11559
8791
9815
20039
20815
27959
8019
16697
12460
6878
10769
20558
14204
18852
21741
14279
18217
10220
16370
15562
13080
15644
10525
15826
10005
17053
12295
11345
11161
19252
13698
11596
18447
8521
16020
22054
16942
11112
17244
11138
12341
9365
18982
11031
16791
12258
16081
14059
15128
13965
8524
7870
6665
9301
10665
11571
7228
10713
10977
15611
14494
11255
9332
8786
9917
12607
8792
13212
12764
16502
11546
15307
10453
15548
9987
20983
13771
13852
11575
11481
7874
19530
13883
14831
17705
13960
12076
14602
19219
11980
17584
19554
16209
13994
13940
9802
11381
8696
23441
10424
10372
10543
8990
8673
13936
13076
10289
12455
8893
16977
10924
19384
15451
9707
19034
12297
18079
25458
13204
10462
17688
20296
12905
14304
10689
14331
15466
7246
13672
11662
11764
18553
15533
16478
10272
8230
13804
13661
13892
19015
10361
9203
9704
14736
9195
9206
12412
15729
13004
10773
7177
16402
13381
10929
14553
12222
10173
13555
15772
13589
12848
14226
17313
16797
14271
19123
10067
12886
16105
10457
9441
14019
13836
11318
17503
13939
7557
6712
11393
18988
6730
14122
8569
11430
13500
13932
12496
10311
8018
6634
13065
10853
8696
14245
13598
17026
15909
8148
10159
12097
13555
12682
14395
24118
8557
7214
13188
10317
11740
17434
19768
8669
13642
17663
10047
13111
10599
8664
15165
