486084
485738
488706
483929
487728
485586
491358
485562
487393
489219
483005
490397
488528
479541
485590
486699
485621
485946
488028
489879
485333
486316
487173
484026
490492
487247
488454
486383
491104
488516
490138
485852
487483
493999
483332
487523
488064
486378
486363
488766
487308
485149
491296
484918
487953
487534
487856
481840
484322
488458
486542
477422
486451
490270
489892
488754
486543
485637
486622
486033
490901
486764
487909
484490
485831
490480
489851
482942
490815
487960
486126
488318
486623
489745
484664
484056
487059
489346
487880
487524
487532
486922
486988
484460
487007
489582
489832
486058
488836
491082
486705
485147
489757
484524
488651
487282
486181
486275
480405
485002
491881
485806
484853
483106
485844
487286
483537
486799
482506
489374
485189
489463
489932
485683
488924
488656
492897
490699
487020
484979
487787
486422
487399
491126
485017
481847
483812
484454
486608
485954
487678
491012
488283
477538
482420
478015
486190
485713
485528
490630
486237
482720
489090
484264
487916
486081
486973
483289
487606
486893
486890
488409
490537
487324
485526
490178
479955
489567
487685
476844
485492
486537
480940
487231
487703
486078
486972
485199
487219
486035
488421
489850
480003
487693
490081
484090
486775
484789
489156
488900
489239
487681
484046
488122
485799
485819
488069
484331
490076
485240
485034
483748
486680
487814
485404
484937
481965
486793
480657
489949
488888
490789
484523
485941
488047
488806
485455
485667
487522
487072
487913
490323
486837
483603
478694
485881
487329
485866
486084
488862
490677
485111
489056
491243
485883
489287
484055
486344
493448
485009
490854
490485
490210
484810
483262
488406
487844
491168
490399
483674
487786
488379
486217
485567
490108
486792
481693
487108
484913
482321
485928
483462
486662
486811
488733
486233
487846
488284
491131
487246
487281
487755
484164
486608
487865
482365
484100
488223
489839
483870
487473
486783
481747
484492
487442
482832
484970
487726
490428
488162
488675
483134
484587
486474
490320
490182
487197
489935
482927
490440
492360
487028
487381
493237
488473
487925
489836
483584
485765
492433
489721
488272
486534
491151
485504
486178
489075
484402
487483
489786
490644
489454
486379
488415
487933
488463
480065
488448
490893
488920
487099
483335
488191
489433
485735
493993
488982
485527
485207
484729
490565
488630
485290
488832
484572
485109
485482
492560
490574
489117
489634
488118
491429
492397
483370
488402
479516
485402
489031
483671
483111
487934
491677
482906
481940
492446
489035
480539
484192
488757
485642
485683
490732
486345
490068
487956
485528
484520
490860
485213
485553
484837
481510
487985
483073
491730
483911
490493
486938
487015
479629
484529
483753
486460
488970
485196
487228
486401
488443
486392
486102
479436
492726
492872
487636
487829
493064
486625
490178
488905
485389
481003
490622
488310
489350
485927
484146
488171
481304
485502
490109
486386
488852
484342
484553
481469
485466
484055
488950
481901
482665
486498
483139
486645
482322
490012
484476
491811
491383
485868
485021
487692
483485
487253
485433
488677
490382
487677
485190
485683
478761
489598
490697
487748
489884
481833
494729
488669
483823
484679
489543
489241
486080
488122
490597
486050
486742
486532
481770
490842
493015
486772
485080
486842
481666
486721
483619
489029
489057
490579
490064
482048
485450
484026
492958
484801
491259
484854
485846
487146
486393
488594
491594
480200
485976
490290
486598
487691
488015
489925
490231
485093
488574
487530
490178
491940
480003
485612
487982
487382
