13604
10657
9560
8246
18267
17632
5560
10989
7212
6286
8135
8862
8002
9653
9976
12481
8421
6385
9957
9153
14374
9592
17988
8739
5961
14869
7443
11573
9045
11660
16891
12805
8997
12733
15358
5215
10698
13130
14445
15189
8261
10389
10231
15667
12441
13474
9102
7705
14975
11253
9998
5994
12121
7205
9037
11438
14623
12460
9673
15875
11972
16587
9630
12517
9792
9312
9198
5853
11053
6849
6975
8039
12617
12555
7558
9908
16380
7804
8195
8532
10735
11429
6464
13390
10255
7891
7537
6720
9870
9575
7089
8179
10791
13625
12492
6018
12146
7903
9616
9101
11824
7336
8330
9030
15711
9623
11633
7565
2999
7902
9192
8501
11986
8064
11179
8574
9436
7274
7037
11271
5413
11014
6346
8727
11071
10075
7462
13671
9332
5170
4964
4962
11561
11206
10305
11294
14771
14022
8875
8767
10087
12512
12247
7350
10968
13296
13443
14159
7094
8705
5812
9429
7676
10305
7466
7650
8380
11167
8579
7539
8343
12366
14739
11627
11719
9530
7187
10612
9719
6521
12633
8419
5155
7490
18088
8563
19610
11246
8086
11919
11716
6980
5352
11829
7926
7750
9846
9032
16302
12711
8711
6891
11134
8425
9046
14829
6284
14540
10456
8107
12458
9099
12326
10575
7833
12776
10213
9684
6496
4963
11384
12753
5369
6150
9120
9708
11967
7551
11141
12734
7320
8187
9103
10427
13735
9377
7153
11996
9946
10713
7205
15627
14708
10959
6797
7734
7187
5724
12645
9682
12841
7969
18622
13428
7248
10517
9256
6414
18189
6653
6387
15950
12570
9136
8926
12222
6745
7493
7914
14466
11998
11324
12074
14341
13443
6362
8242
7851
9656
14612
6204
16599
10911
8529
12547
6306
11731
18424
11166
10163
8761
8143
9606
6773
6181
9849
8734
15539
11898
8037
8461
9490
7607
6897
15441
13541
11407
15146
11519
9292
5304
4910
10604
12737
5806
9069
13471
11447
5847
10689
10690
7722
7805
8383
11790
6953
10759
11021
9163
11705
10148
13612
10451
16414
10531
7589
10099
14434
9202
8428
7347
6744
11148
13331
8372
7802
8310
10134
8094
13388
9876
7520
9354
7032
13201
16731
13467
12143
11252
10002
6902
10256
8159
6163
7811
9468
9848
8060
7599
7793
11031
10087
13387
9096
7068
9112
10140
13955
7553
10617
10496
8134
11209
7028
11019
8797
7764
18877
10116
8871
9055
11756
12260
14631
6867
9187
12058
10390
12681
9374
11347
10805
9523
8816
8988
9815
13787
5673
7003
7005
6979
6767
5407
7272
15936
8718
6717
12551
10881
8059
11072
6884
10622
9021
9783
7095
9694
8717
10802
8676
7418
8811
7515
10635
7400
13492
10404
8321
7500
7528
11477
12506
9443
14147
13300
14297
6967
7669
11310
11168
6509
13080
8368
6198
5276
12707
10841
8033
6928
10173
5886
7642
6043
8766
12704
12218
15594
12653
10791
8276
9704
15898
12065
8452
6362
7276
10208
8569
9449
13869
11360
9173
9953
6904
14927
7232
10163
8131
8502
9771
8829
7912
16100
8513
12462
6029
10779
5784
14492
8618
10034
9469
7377
13173
10512
11220
9794
12509
11379
7897
