7791876
7812958
7819822
7812297
7786309
7831493
7809083
7798183
7818729
7841694
7821611
7763698
7818652
7847913
7772027
7811650
7818579
7742374
7803908
7758966
7781784
7781762
7769258
7811242
7801848
7794526
7752825
7822055
7801574
7803981
7765308
7851645
7802812
7769000
7805906
7787164
7774462
7782511
7803056
7813568
7814440
7788302
7798475
7783620
7810697
7809319
7799812
7795288
7830706
7851692
7837712
7786106
7818754
7789620
7795452
7737681
7772214
7823337
7806724
7831379
7816644
7792396
7798489
7827513
7773611
7784492
7789404
7776453
7749403
7822294
7809200
7793091
7807943
7774317
7829212
7832804
7780613
7751979
7825834
7790260
7782915
7830806
7787509
7793238
7761468
7808856
7754255
7769690
7774852
7756448
7810910
7774003
7773732
7816404
7765364
7773146
7806065
7837557
7807603
7858731
7793169
7757151
7818393
7817705
7796016
7828855
7750287
7838159
7815324
7805594
7797591
7777798
7775710
7801615
7794580
7778430
7781912
7790883
7761686
7805211
7781221
7820404
7790032
7798345
7765404
7813643
7813139
7771309
7796339
7752641
7807620
7764866
7792475
7833203
7781756
7810346
7791315
7792578
7820392
7811453
7802076
7770241
7796917
7780293
7831000
7737438
7828412
7820029
7820427
7772711
7792137
7831386
7793187
7836124
7807611
7789830
7800376
7726988
7728808
7794151
7837072
7786741
7810950
7775604
7792064
7798114
7825732
7765848
7791168
7789399
7804426
7778980
7829616
7777994
7764684
7774560
7755341
7815312
7782850
7778530
7775198
7811603
7792952
7809078
7797254
7763639
7802663
7784614
7777586
7807521
7771658
7777220
7785500
7804415
7777758
7790900
7829960
7785239
7789794
7800543
7869098
7767528
7797108
7805007
7821365
7774309
7776942
7809029
7763228
7781476
7794564
7772405
7809169
7812116
7775202
7817074
7748304
7803837
7764299
7780790
7783712
7766130
7801640
7795453
7810272
7775325
7825338
7787462
7783205
7788406
7807099
7792791
7792645
7797105
7807860
7801157
7791991
7744345
7841893
7791809
7787788
7820809
7792540
7780931
7807061
7736684
7746998
7770036
7814601
7812032
7768481
7822410
7790222
7773422
7782447
7792641
7795520
7849553
7806354
7758561
7790952
7776479
7818465
7832385
7796681
7748742
7734010
7785176
7738679
7772286
7827065
7808179
7813245
7836302
7826276
7812840
7798692
7831003
7792056
7800188
7770435
7784369
7805414
7801784
7818832
7800481
7823644
7797379
7758619
7801790
7806852
7787046
7782514
7778996
7825416
7795520
7780081
7825726
7790682
7802361
7804313
7800677
7779434
7834361
7751291
7801120
7814277
7792944
7825498
7804507
7788944
7829587
7818167
7790010
7777235
7789508
7821037
7766701
7820747
7791930
7754824
7805705
7756991
7795433
7781080
7777557
7765442
7817429
7805717
7762683
7771734
7792021
7817414
7789299
7799495
7804014
7806573
7837741
7777605
7765306
7767525
7793685
7811163
7782961
7827257
7774186
7835529
7792807
7785532
7804400
7791062
7734864
7762412
7779796
7828997
7834868
7786880
7780055
7773644
7776176
7789804
7792767
7777822
7827032
7778770
7827643
7772327
7796068
7791592
7768096
7819139
7830591
7820709
7765808
7785299
7792440
7771966
7761432
7804597
7806229
7797679
7764412
7789098
7804421
7842121
7818347
7792605
7765681
7809577
7794235
7817356
7774204
7820204
7821437
7797852
7780616
7798419
7790567
7824194
7826509
7789244
7787785
7804648
7820417
7759533
7793278
7780651
7788614
7831023
7841400
7761948
7806521
7803604
7798189
7793923
7786621
7793107
7747747
7789921
7825267
7794501
7850733
7812482
7819916
7826699
7772587
7785163
7842914
7799933
7814086
7796589
7739842
7813312
7785532
7843487
7757861
7793983
7765012
7826790
7797795
7820594
7818236
7800121
7785117
7782938
7762717
7798167
7779324
7821424
7801044
7835811
7790290
7830209
7836079
7784273
7783417
7777195
7785496
7815878
7762382
7771554
7769817
7813766
7819923
7767792
7827412
7787096
7790644
7787087
7780740
7779414
7827193
7792431
7826415
7771425
7771203
7764998
7812073
7801555
7840121
7785692
7795709
7768510
7809290
7767137
7835639
7824093
7789457
7771684
7774149
7840449
7802551
7749207
7785732
7747147
7794766
7806466
7782908
7754882
7773901
