4362107
4364472
4379334
4400340
4402044
4372935
4363958
4372573
4391889
4394490
4397535
4394260
4391139
4384964
4386379
4402950
4367658
4399735
4382419
4368117
4362150
4375959
4385519
4372697
4386305
4408934
4381151
4390452
4384518
4377209
4416321
4382345
4382066
4395618
4388128
4378882
4419541
4392761
4383072
4367448
4386240
4381191
4385192
4409963
4393288
4372416
4386893
4380526
4346568
4411998
4401617
4371109
4384379
4404202
4382955
4357019
4373965
4377090
4362000
4397390
4377485
4389172
4362052
4416667
4397618
4382093
4376613
4374156
4388918
4388158
4374126
4378399
4369409
4387302
4378284
4376036
4368767
4402639
4415845
4361964
4388106
4385773
4392033
4379732
4383174
4365948
4371781
4381845
4394529
4397530
4387388
4370436
4381619
4391332
4359138
4392991
4363641
4413420
4390079
4369273
4381741
4389184
4381869
4409272
4430643
4392609
4392501
4383123
4373612
4331957
4391334
4406673
4405838
4382530
4424386
4388176
4385442
4385710
4364107
4385814
4385296
4410212
4360120
4385011
4380013
4411043
4380655
4377729
4360003
4381699
4382269
4371134
4398602
4383275
4376598
4378754
4368148
4390523
4390378
4393498
4389909
4397660
4375047
4392895
4371429
4381775
4371943
4375798
4387021
4381912
4369343
4392874
4378002
4393267
4382398
4369070
4378348
4409525
4405991
4385056
4356793
4386376
4384649
4366056
4354918
4346037
4379342
4387961
4377306
4392217
4386458
4397866
4384247
4396968
4418709
4387624
4385435
4375288
4375677
4370762
4411775
4385814
4368648
4365206
4392192
4392118
4359167
4389057
4390609
4393336
4394522
4370512
4386769
4405789
4360602
4415134
4378766
4387323
4372239
4377900
4377430
4373811
4394539
4386182
4388427
4340889
4399650
4372248
4381920
4393795
4378211
4392978
4398065
4378650
4379827
4405061
4401861
4383916
4386944
4374709
4373228
4391798
4371432
4385187
4386549
4374549
4354335
4402746
4375161
4395702
4379470
4414281
4365759
4380762
4366852
4408265
4379516
4359917
4379734
4373189
4401121
4394873
4394048
4395858
4376985
4360489
4364111
4380646
4384233
4386178
4395536
4387462
4401999
4384874
4383270
4358037
4407422
4384531
4391065
4388028
4391505
4371005
4409464
4349175
4370680
4397075
4403414
4383467
4424256
4377822
4395225
4363901
4381404
4385413
4379311
4365274
4382633
4368692
4372082
4407710
4386704
4378579
4396252
4366801
4402341
4402270
4397112
4378289
4373705
4394846
4355588
4395058
4377071
4382692
4376436
4415108
4391258
4390388
4398719
4385377
4407711
4394495
4382616
4347663
4401621
4373956
4391144
4409320
4382804
4371844
4393335
4421417
4371318
4382001
4387678
4403658
4366516
4368319
4374830
4393277
4376336
4407022
4408540
4386593
4391380
4397180
4379370
4393309
4393112
4369546
4368033
4367042
4366029
4383308
4361971
4381745
4420983
4395935
4366611
4390458
4390974
4364598
4383297
4372260
4362679
4371448
4390127
4399857
4395121
4392728
4378130
4385432
4420015
4412212
4392187
4390486
4388584
4389427
4378033
4398197
4401480
4406071
4368160
4419486
4391625
4391231
4413436
4368844
4394541
4385945
4366977
4404639
4383736
4404599
4386396
4370353
4385847
4382239
4392794
4389146
4393881
4357545
4397540
4390178
4378598
4400715
4386758
4396802
4367696
4402924
4357174
4390044
4412197
4388058
4408080
4401678
4383813
4380504
4380476
4396957
4413295
4395312
4395513
4394344
4393256
4394056
4384130
4374400
4372498
4394534
4389084
4360078
4394281
4393643
4387189
4382400
4378764
4382574
4361523
4396299
4379143
4385102
4386233
4403085
4386639
4356940
4394236
4389440
4375522
4411040
4386269
4370621
4372058
4380842
4360756
4384533
4368663
4372095
4368593
4381278
4385969
4412656
4393010
4384318
4372462
4400495
4391913
4380158
4364931
4382483
4373250
4405958
4363034
4371835
4368139
4385947
4381753
4378831
4364033
4380424
4362592
4409859
4386337
4392279
4385103
4376764
4392858
4372780
4389024
4379815
4352531
4379196
4403803
4381733
4367894
4373062
4345221
4381063
4357618
4404266
4386168
4385287
4371729
4399059
4374223
4395118
4401403
4395976
4399552
4399421
4408209
4379235
4382534
4384756
4385931
4380867
4383955
4378563
4388817
4391945
