1895
4430
1789
3297
4127
3876
2646
3511
3612
4454
3554
2294
3341
2808
2228
3357
2532
3682
2495
1693
2507
2478
2362
2545
4720
3725
4066
4037
2727
1946
3298
3969
4838
4404
2256
2977
2433
3575
2992
3907
2510
3134
3197
3675
5685
2209
5585
4832
3272
4223
3828
3092
2132
2443
2538
5717
2700
2155
5549
3499
3583
1815
2954
2908
2775
2089
2454
3845
3398
999
3700
3241
3968
3080
2660
2593
3260
3104
4021
5262
2761
4137
5180
3640
3124
2025
2399
3910
4599
4026
3629
2469
3607
4510
3234
3699
3318
4282
6240
3803
2421
1956
2886
2903
3036
3125
4739
2250
2511
2871
2257
2780
2978
2397
3932
2714
2579
2293
3124
2770
2829
3431
2308
2469
1951
3694
4641
4064
4611
3157
3292
4891
3640
2464
2654
5202
4107
4197
3944
6125
2746
4228
4498
2901
3232
3161
2216
3190
5420
3973
2869
1885
2609
3926
3417
3116
1815
2975
3137
3028
4684
3035
2481
4389
2682
2787
3061
4172
3344
1843
4335
2010
4343
3142
3402
3608
3505
1906
2369
2357
4739
2885
3579
1719
2262
3657
3338
1753
3125
3023
2181
4469
2981
2995
3337
2608
1660
3661
2787
3630
4978
2706
2291
2918
2241
5301
2733
4162
3890
2657
2915
2320
2710
2208
2423
4323
2097
3963
4560
2380
1561
4490
6583
2025
2368
3225
2455
2886
3292
3905
4891
3777
2298
5371
3398
2623
2427
3681
2289
3975
2865
4412
3486
3832
3683
2827
3145
4529
1945
2254
3998
3373
2794
4385
2079
3660
2727
3168
4693
4503
2278
3425
4475
3018
2974
4279
3165
4357
4724
3265
3117
3530
2807
1902
3266
2729
999
3430
4048
3750
2210
6611
2948
4604
2567
3417
3493
3359
3356
3308
3204
5070
4089
2517
3424
3300
2451
6046
2651
2521
5171
2964
3234
1984
3185
3851
2497
3955
1861
3367
4404
4228
4921
3353
4687
1559
3619
3716
5049
2654
4917
3540
3600
2472
2597
3719
1960
2058
1766
2763
3270
3274
3146
7247
3389
3303
3143
4514
5410
6913
2293
3817
3104
3275
1958
3321
3820
3702
2233
2447
2148
4769
3507
2916
3700
3677
3346
3997
3970
4313
2702
4649
3261
2406
3357
3239
4316
3164
3811
2542
2438
1845
2565
3628
3987
2714
3261
3046
3566
1700
4110
3041
3743
4328
2810
4696
2176
2780
3038
4294
3595
3910
4696
4415
3226
2906
2829
3554
2435
3503
2707
2504
2888
4531
4385
3749
2754
2484
3721
2098
4922
2654
5160
3087
3249
2491
3187
2091
2342
2673
2565
2924
3391
2063
3710
1787
4935
4195
2026
3220
2219
2973
2011
2793
2890
1838
3825
3985
5099
3707
5069
4919
3339
2795
5654
2442
2282
4054
3363
2598
3991
2090
2765
2873
3506
2310
3776
2538
3861
4275
2929
2885
2407
3148
2720
2389
3922
2991
3382
2823
2621
3008
4083
1690
4188
2930
1924
2971
4178
3343
4095
4381
5191
2417
1788
3097
3316
3591
2410
2257
2311
2529
3934
2848
3483
3510
2982
2541
4213
2342
