3218558
3182463
3209156
3218284
3224522
3175907
3216188
3192091
3218849
3232820
3183049
3189779
3198577
3207175
3189794
3205756
3199004
3211872
3194602
3201006
3209375
3241660
3174079
3199018
3251105
3246429
3206138
3227425
3190423
3206060
3213271
3223601
3212810
3216094
3212054
3191133
3199822
3226078
3230422
3230455
3228819
3190811
3196383
3207185
3199639
3188111
3214116
3184114
3215347
3185358
3192483
3214176
3224363
3209453
3195962
3188140
3188787
3231192
3230236
3223515
3219540
3257180
3228109
3221902
3222585
3215571
3247875
3243405
3203282
3237071
3207960
3188954
3201523
3189208
3267762
3205751
3208592
3203073
3206396
3219621
3241411
3226298
3197700
3219016
3229333
3231333
3203707
3210177
3194057
3188649
3228086
3212761
3215089
3224352
3207294
3193362
3230013
3214548
3224954
3198617
3194494
3233540
3206849
3167038
3216639
3163095
3226578
3188062
3235415
3237401
3224052
3199064
3205130
3175653
3217617
3197671
3215330
3193789
3204128
3191253
3221080
3212408
3227687
3241273
3181585
3221355
3228216
3247136
3213050
3243807
3233928
3198103
3215957
3227706
3196042
3241690
3196425
3203116
3231628
3202317
3203537
3220034
3170241
3188807
3207714
3201198
3212753
3183748
3185496
3232628
3218714
3207449
3213045
3197071
3225835
3201506
3221293
3212612
3214227
3215020
3209851
3221826
3191703
3176362
3213448
3196552
3200955
3219885
3201492
3232190
3212868
3177885
3200771
3203164
3216845
3219419
3216782
3192051
3226387
3210917
3205988
3219396
3214928
3246150
3219490
3221919
3221643
3208985
3196832
3220975
3239633
3214060
3223085
3184353
3220193
3190684
3221084
3195796
3201992
3194213
3227133
3216358
3181850
3213053
3213977
3218122
3223002
3200059
3233272
3182832
3220134
3204241
3210486
3250639
3208551
3239546
3209394
3239124
3211339
3232854
3211386
3201403
3201992
3220223
3181915
3209617
3214836
3274608
3192819
3218677
3239894
3223970
3186089
3228244
3227285
3214215
3216781
3223310
3247792
3184135
3192722
3248337
3221489
3163661
3219010
3198315
3199278
3211184
3223356
3237351
3206022
3210933
3220218
3219371
3182246
3230818
3242025
3193028
3231980
3239404
3224122
3196054
3222454
3216382
3236765
3216773
3230891
3210752
3203531
3193955
3245635
3223985
3240055
3226447
3211568
3211328
3205361
3222730
3202731
3210147
3225541
3229557
3259013
3224897
3234268
3210603
3173508
3240925
3221000
3190926
3191270
3191237
3205657
3252930
3223134
3178254
3235199
3207501
3214536
3228511
3242796
3184148
3236510
3178297
3211815
3222147
3199163
3204228
3233235
3208260
3218761
3163190
3206021
3211580
3189574
3222171
3163966
3213639
3201760
3257880
3191973
3207729
3194210
3225579
3203459
3239787
3197427
3221535
3207761
3229629
3192436
3205334
3205936
3204086
3213266
3230634
3214026
3211648
3191494
3197773
3242266
3205071
3183700
3203895
3220008
3209880
3207976
3211598
3240923
3198777
3220491
3200395
3191870
3192505
3226403
3252026
3197273
3224185
3212861
3223298
3217864
3210533
3226711
3192785
3205141
3205498
3201488
3226413
3217728
3200561
3227131
3210783
3200788
3213411
3203851
3224220
3179475
3215427
3190227
3203419
3213819
3194738
3185470
3214161
3188393
3200479
3230728
3192879
3220109
3173568
3244846
3217748
3194411
3230248
3209587
3183455
3158457
3205440
3195746
3247173
3211722
3224344
3221800
3225128
3165766
3217030
3235019
3215065
3209791
3214585
3174029
3210163
3229280
3239231
3220175
3191337
3209227
3235740
3215841
3219845
3216373
3231482
3218104
3198560
3216327
3207301
3180995
3214007
3236487
3199096
3165668
3206786
3197356
3221719
3191415
3218702
3221781
3237382
3217053
3218072
3196821
3202976
3202404
3201519
3213340
3194738
3212739
3185940
3230329
3189649
3230734
3200237
3207390
3215114
3198526
3229986
3209471
3226285
3207377
3223455
3193107
3226580
3239513
3202481
3228015
3216849
3202242
3166207
3208017
3244206
3212424
3190026
3206835
3213756
3213135
3213649
3221066
3227986
3175608
3202966
3208857
3260024
3210964
3211493
3211667
3233960
3190817
3228967
3217425
3207104
3217277
3179711
3185155
3247266
3207720
3220306
3176777
3210431
3196466
3205523
