1439707
1424008
1422796
1413235
1426993
1407337
1431042
1428393
1420597
1421078
1419599
1425580
1433199
1434234
1427116
1442199
1433309
1412508
1425513
1436689
1413515
1443610
1416216
1433685
1412878
1424158
1434638
1430552
1432653
1418399
1444306
1418692
1423037
1427647
1431428
1428952
1410675
1427891
1422743
1410288
1421042
1439339
1429886
1435712
1426331
1425487
1424336
1431830
1425208
1431645
1428285
1410254
1431483
1409705
1417723
1411477
1418593
1413528
1413987
1437637
1423557
1420266
1418804
1437101
1427122
1417673
1439116
1437170
1422846
1430965
1425676
1424328
1423007
1418762
1428013
1416466
1440906
1434717
1443345
1427528
1439418
1421552
1435842
1438862
1425134
1422024
1416595
1423529
1431311
1425934
1424934
1426812
1428887
1428504
1418451
1425839
1412552
1427891
1416457
1415439
1433689
1439098
1428332
1451225
1445560
1431885
1412023
1436759
1422571
1416960
1418333
1426630
1426693
1417610
1446881
1429441
1424338
1420216
1428187
1430613
1448173
1443535
1433272
1424564
1434638
1427736
1429128
1438719
1418363
1428289
1424252
1416459
1431291
1430494
1434695
1423651
1424405
1426474
1392298
1426197
1436676
1430786
1437935
1426486
1446326
1438947
1423486
1418038
1429349
1424158
1446082
1432389
1430553
1447429
1427180
1412900
1436009
1426108
1418219
1421166
1445361
1433049
1430941
1418439
1429620
1425458
1424931
1412679
1418939
1422674
1415695
1432421
1422082
1424267
1423061
1422116
1418367
1426792
1418661
1412927
1427492
1427926
1433683
1423512
1412026
1406857
1421459
1423171
1431623
1419900
1425789
1431356
1402160
1423481
1402469
1414892
1414943
1440334
1442709
1435462
1417361
1416211
1422406
1431122
1436119
1417956
1416510
1440309
1418730
1416519
1435671
1443367
1416129
1425448
1396778
1421803
1414523
1425529
1451482
1437181
1430135
1433775
1419107
1412351
1419645
1440033
1439273
1436179
1430986
1433323
1427855
1422084
1424998
1441373
1411595
1421756
1414123
1432963
1421145
1428554
1426897
1425492
1438404
1417736
1431605
1424166
1431913
1441974
1444689
1437023
1421818
1434267
1416595
1421257
1430461
1428566
1442176
1415386
1436953
1441153
1438317
1414782
1427592
1427427
1424287
1436539
1429815
1436077
1425933
1414598
1427207
1431010
1410304
1436177
1430352
1425803
1434895
1426724
1424541
1426949
1430965
1409178
1436863
1423538
1422079
1425232
1440006
1428878
1427484
1440908
1426612
1424283
1426637
1417500
1430974
1435892
1425266
1440626
1411063
1443671
1421551
1440456
1431886
1421102
1436178
1425718
1437819
1431452
1437539
1421768
1427957
1417990
1415920
1419870
1457698
1419318
1412886
1439391
1421600
1428679
1439378
1439526
1420206
1440006
1427579
1412692
1408795
1439225
1410433
1424125
1409949
1413977
1436197
1415156
1387301
1423129
1437301
1422236
1427162
1434016
1425578
1412700
1434797
1403754
1433912
1426538
1419999
1435104
1435611
1412271
1423285
1422302
1427248
1409340
1427535
1419888
1434744
1447598
1434374
1425684
1428195
1421656
1441788
1448740
1433324
1414635
1427369
1433514
1426631
1439721
1443016
1434509
1430475
1441244
1438669
1429017
1410216
1446439
1423608
1425660
1421452
1420698
1440916
1418884
1427844
1426181
1439272
1435455
1418990
1435722
1429191
1440368
1425413
1422998
1428043
1424771
1445803
1418875
1418486
1424930
1425739
1434149
1431281
1442427
1426437
1436410
1431670
1431408
1424357
1423769
1439963
1416475
1423466
1430079
1442076
1427528
1432198
1436794
1425578
1421396
1429757
1432342
1434950
1421714
1408167
1427843
1424347
1409938
1430590
1434789
1422948
1426876
1432082
1423711
1442619
1419956
1422090
1433615
1420825
1428590
1409557
1446796
1413900
1427758
1429913
1415886
1411106
1437733
1438842
1427035
1434737
1416447
1433206
1421970
1421730
1421840
1424687
1436246
1423540
1441973
1446813
1418182
1426115
1419764
1417104
1423151
1444411
1427885
1430334
1431175
1415759
1433523
1425905
1440715
1413584
1418035
1410821
1429943
1441935
1422740
1422323
1420726
1402472
1453909
1436279
1420068
1416918
1424924
1439492
1436697
1435080
1416289
1420834
1436211
1439783
1432696
1437984
1430415
1431712
1432839
