353007
354184
358605
357461
354329
354137
353296
359907
353471
360533
354399
357975
354112
354887
357479
356174
366340
359650
355373
349305
355794
355498
362089
358436
352212
352551
361943
352963
360852
351075
358814
357159
353675
359370
359282
358819
357296
363034
359389
353627
359948
358878
354947
350665
358067
347929
349706
362691
362322
357279
358503
352798
357722
358346
357490
357024
355167
359970
355873
360053
356837
351204
353547
357371
358808
354445
364160
354649
358462
359591
357141
353046
361439
363843
353849
354840
359202
353964
357755
357975
356286
356145
360293
354181
357427
352835
362830
360823
356343
354807
359253
362530
353013
355536
357781
355055
354171
360430
356301
361053
360792
354592
354030
359279
359497
356753
355913
357215
359786
357930
358584
360057
352632
355869
351047
345442
356633
359636
361815
354050
358650
354780
361313
356998
362475
353629
353133
345937
354865
358820
355748
361620
355277
357444
366406
353427
354108
358228
358535
356200
350912
357796
359568
353401
358904
356730
361565
357860
355376
350574
356482
355923
357448
357647
356018
354859
348735
357127
356553
357493
354720
352575
359290
349783
353879
356696
347668
350833
355801
357214
351679
348892
353401
360470
357559
354717
358861
355149
360311
353423
357113
352408
352820
354748
357091
357210
356959
358609
350919
357565
352341
354572
359781
354560
359370
355294
351978
357486
360798
355467
356064
355776
358584
364278
360868
356221
351472
356696
358915
356723
355801
360379
353164
356680
360528
351921
356936
358149
359648
354118
359079
356636
351558
359271
348541
351585
355626
360863
353538
360767
354780
353713
350961
361409
354232
360212
350828
354883
355913
363640
356592
359809
352745
356614
354808
362335
360135
360061
354520
354400
356265
359167
356638
356478
358867
359731
356324
354886
358790
356398
357478
355389
350437
358167
352989
353836
353693
357791
361280
360018
353765
352789
360892
360484
359469
356575
358046
356597
357656
350984
356286
360961
357742
356541
357645
358516
361419
358996
354411
362091
361821
358840
355186
353879
360898
363473
357609
352577
357736
352857
359347
356284
356557
355161
355290
356277
356975
352269
358393
360337
359246
354004
357496
360916
361390
358428
358514
350444
352803
355327
355091
354452
350614
351614
351914
352491
350087
364948
358294
356616
355495
358421
347010
354674
359805
348908
356965
361885
356079
357044
360106
357969
356144
360718
352101
350099
349790
350896
349262
353765
363134
355803
359630
355879
359468
361061
350828
354302
357260
355585
356514
366946
363218
356120
352361
357568
359549
360919
347658
360137
360485
357152
354481
357129
352368
358622
356890
355015
362631
360317
359062
352507
352470
358397
359153
360171
361623
358455
355258
353929
355971
360573
361092
352772
357324
357979
354440
358333
352777
358258
351620
355520
359992
365992
356084
359018
356626
360467
358723
351262
353370
355763
358161
367896
355144
355628
348993
358027
360339
358351
356444
361638
359564
363459
352530
357212
353032
356846
359578
357461
358848
361375
360020
361570
355017
362475
352975
355891
357298
358947
359836
359257
357685
357013
359505
354719
357281
363201
359773
362815
361659
356025
361621
353036
354942
353456
346808
359625
358631
360442
354465
355300
358158
356198
362033
353891
356663
354941
356677
357771
362857
360158
357978
359967
355157
352435
353239
362983
356125
358632
355032
354340
359345
355795
354999
356970
352257
358670
349286
356073
359380
357867
356569
354546
363094
358209
362056
355836
360879
358221
