5632714
5664470
5698743
5662614
5666977
5696437
5719234
5746936
5700859
5714382
5647862
5721960
5693304
5752877
5659021
5684361
5691794
5749407
5745253
5745135
5672826
5729588
5722107
5720004
5729787
5740016
5723503
5733325
5730749
5681685
5741935
5703085
5709988
5728276
5727510
5722699
5752273
5672784
5786816
5738265
5728660
5740617
5717575
5693952
5713768
5695169
5679239
5692903
5702122
5668517
5674758
5698923
5691214
5691717
5703224
5730571
5722117
5725956
5688713
5718669
5728695
5684172
5732655
5670536
5678316
5715364
5751657
5681573
5705334
5649645
5754759
5725301
5743703
5754474
5706031
5699075
5725278
5715117
5703933
5759931
5724417
5742105
5728759
5698171
5695785
5667941
5644265
5792703
5694668
5735650
5691377
5725348
5619577
5722477
5747693
5680294
5706059
5732073
5704564
5698521
5700706
5706970
5684643
5738603
5727755
5751029
5636449
5703818
5708561
5712944
5736081
5698107
5710581
5698887
5727563
5738162
5651501
5709991
5701755
5742408
5709141
5710275
5708922
5702680
5698409
5689826
5651582
5784298
5721161
5692666
5685765
5758191
5699523
5665918
5659065
5676704
5668988
5728043
5747196
5734366
5747782
5740948
5705573
5751755
5711756
5672416
5668918
5743472
5722208
5718382
5718484
5734379
5686997
5653561
5641990
5699832
5753744
5747445
5681005
5703727
5768716
5679326
5734332
5726254
5716770
5744225
5656331
5761305
5688960
5715727
5695739
5701492
5686227
5719322
5708317
5708954
5687131
5683213
5734180
5726207
5739537
5727670
5718806
5732650
5711131
5699616
5717282
5748518
5678381
5737077
5679056
5751043
5686825
5717692
5731410
5663533
5682306
5730413
5695097
5682778
5688603
5751882
5669996
5729435
5747531
5697455
5702074
5767619
5708571
5703170
5634897
5691026
5680966
5780438
5676900
5708672
5734378
5721055
5739749
5688518
5724144
5708440
5715086
5708799
5721310
5711553
5736789
5689696
5738130
5680386
5710811
5716743
5745444
5750711
5735194
5732619
5668622
5707514
5655246
5678888
5734816
5696092
5718208
5692936
5708413
5734966
5673092
5712534
5694053
5705878
5694151
5693604
5713530
5680213
5731815
5695232
5701638
5753804
5669281
5733387
5715568
5688449
5758840
5693798
5696477
5687937
5690332
5755489
5670724
5711309
5743295
5729545
5689164
5653515
5755555
5718068
5716039
5748558
5733650
5726074
5671827
5662398
5698183
5653902
5729694
5709064
5698388
5750717
5704700
5746753
5689148
5796903
5729936
5714350
5677462
5774939
5716953
5689105
5756069
5687227
5742447
5717008
5697545
5669354
5695913
5737323
5695042
5675570
5743688
5728974
5700460
5698054
5758101
5740589
5733515
5724350
5746220
5685861
5691460
5654565
5672070
5698929
5749792
5689611
5673890
5749176
5657336
5706287
5692100
5768100
5670946
5726395
5723573
5645874
5630597
5730324
5687816
5666716
5733750
5752232
5715162
5722908
5741054
5745664
5732456
5722644
5702509
5679702
5708425
5712430
5760415
5760865
5745319
5706277
5676828
5705700
5697850
5689301
5707891
5744369
5730819
5696523
5778369
5722637
5703585
5728535
5689051
5753539
5662848
5759995
5751112
5701826
5705077
5728158
5698649
5686867
5710765
5699412
5690981
5669958
5695971
5719575
5728054
5657608
5712161
5735628
5717735
5762147
5693693
5656745
5742641
5683067
5721581
5705879
5732624
5719846
5691350
5759600
5693427
5688778
5701466
5713933
5681036
5686622
5699589
5722832
5713595
5723701
5758639
5760077
5771282
5774348
5705755
5710111
5749918
5690584
5718492
5729671
5663481
5762787
5752791
5686296
5693016
5720957
5700725
5695681
5705456
5684284
5695249
5709214
5739686
5708712
5691846
5728798
5696660
5660949
5679174
5692605
5751578
5748234
5746201
5773396
5741735
5743170
5695129
5694801
5732172
5709258
5733721
5684606
5700357
5697755
5769983
5728130
5719254
5707180
5717367
5692480
5757882
5675689
5708100
5688060
5728765
5719567
5676683
5744046
5707787
5643208
5732258
5713431
5703478
5725121
5716437
5687528
5720598
5708917
5695616
5658531
5687565
5699902
5675720
5712424
5721835
5736860
5695337
5715757
5676403
5679163
5733958
5743191
5706055
5698709
5714699
5752550
5705678
5700447
5708969
5689078
5710474
5619164
