999
999
999
999
999
999
999
999
999
999
999
999
999
999
999
2458
999
999
999
999
999
999
999
1313
999
999
999
999
999
999
999
999
999
999
999
999
999
999
999
1903
999
999
999
1197
999
999
999
999
999
1193
999
999
999
999
999
999
999
999
999
999
999
999
999
999
999
999
999
999
999
999
999
999
999
999
999
999
1238
999
1982
999
999
999
999
999
999
999
999
1693
999
999
999
999
999
999
999
999
999
999
999
999
999
999
999
999
999
999
1349
999
999
999
999
999
999
1122
999
999
999
999
999
1161
999
999
999
999
999
2384
999
999
999
999
999
999
999
999
999
1058
999
999
999
999
999
999
999
1080
999
999
999
999
1693
999
999
999
999
999
999
999
999
999
999
999
999
1764
999
999
999
999
999
999
999
999
999
999
999
999
999
999
999
999
999
999
999
999
999
999
999
999
999
999
999
999
999
999
999
999
999
1116
999
1380
1001
999
999
999
999
999
1623
999
999
999
999
999
999
999
999
999
999
999
999
999
999
999
999
999
999
999
999
999
999
999
999
999
999
999
999
1417
999
999
1210
999
999
999
999
999
999
999
999
999
1997
999
999
999
999
1617
999
999
1000
1000
999
999
1536
999
999
999
999
999
999
999
999
999
999
1491
999
999
999
999
1129
999
999
999
999
999
999
999
999
999
999
999
999
1001
999
999
999
999
999
1218
999
1588
999
999
999
999
999
999
999
1600
999
999
999
999
999
1964
999
999
999
999
999
999
999
999
999
999
1133
999
999
999
999
999
999
999
999
999
999
999
999
999
999
999
999
999
999
999
999
999
999
999
999
999
999
999
999
999
999
999
999
999
999
1837
999
999
999
1421
999
999
1289
999
999
999
1951
999
999
999
999
999
1678
2224
999
1846
999
999
999
999
999
999
999
999
999
999
999
999
999
1153
999
999
999
999
999
999
999
999
999
1917
999
999
999
999
999
999
999
999
999
999
999
1820
999
999
999
999
999
999
999
999
999
999
999
999
999
999
999
999
999
999
999
999
999
999
1599
1000
999
999
999
999
999
999
999
999
999
999
999
999
999
999
999
999
999
999
999
999
999
1854
999
999
999
999
999
999
1712
999
999
999
999
999
999
999
1021
999
1950
999
999
999
999
999
999
1001
999
999
999
999
999
999
999
999
999
999
999
999
999
999
999
999
999
999
