58442
47904
8475
145622
132669
11423
12114
110626
26871
57755
34286
59803
22628
8925
133532
4985
104094
12622
54627
29159
17610
39452
100699
8156
49487
66039
51734
16320
41523
16747
18190
42901
34956
45089
11461
41117
9433
4133
12830
48261
50521
96602
10681
62822
5255
129139
10067
34517
67275
18869
15434
12256
44675
18467
12524
24346
63938
29036
10263
13728
32210
95791
107776
18927
29265
93782
138260
23197
9961
153170
27181
19603
12842
31497
52976
66699
58535
4809
23236
29481
19917
66273
26079
9904
28049
36279
28989
21153
49688
40260
280098
68006
14714
42147
52027
139351
37065
46727
25603
53253
63099
32666
13179
13561
42282
146192
110296
32348
20350
22019
143527
10060
37182
8128
17576
24052
25226
15943
107692
51272
13017
120456
39583
18593
104118
40071
16717
35551
4146
125422
6649
39652
36206
8286
84108
12649
21573
20082
41884
58363
58338
122392
17348
26372
38951
20986
11445
42133
28996
46336
70365
58958
45278
22523
28096
5027
55144
75468
22071
39551
14481
10358
21855
37903
56172
48131
60754
13556
9155
12051
92045
33552
66157
35989
8380
43514
36255
36992
16276
36689
37891
36983
28096
49964
57009
15730
60577
38763
97104
10367
27095
80097
57166
82299
50665
34065
6256
5724
24683
94888
62339
80308
29995
30777
27900
18597
119042
26604
16080
53580
13818
54478
29797
10564
53140
64147
55254
28948
21420
142739
66338
8710
12997
24984
21902
30014
11467
55286
79821
88415
6037
30182
11716
6576
22840
15301
17494
22597
8033
190282
106872
123274
66108
16975
60640
23422
14480
28858
16077
35471
32572
24060
44466
19084
9951
23063
56137
58155
29486
31979
12337
32549
15420
9997
15041
16412
47876
61916
20265
76590
19502
123619
6253
13371
44040
22026
68727
10415
129193
20632
33593
34001
52394
6171
157812
67579
72576
52141
56066
29127
29887
10832
29519
16083
70964
55725
11924
88425
15951
6157
26524
48606
47947
32168
38106
29233
41623
43319
68404
36463
25652
16124
88634
24465
93977
32662
17845
31143
13303
65245
51947
10164
11915
30313
70500
38062
9311
55281
41155
48967
28052
50138
23578
129098
22873
41946
53711
73202
73525
30311
59700
41630
14657
44478
27797
78185
17809
120393
23310
50700
86293
41725
43000
22315
63086
10844
36541
24099
13421
33633
12909
56857
20297
37211
14349
55997
20835
35496
8641
8415
58293
77236
83586
28860
43197
175655
82538
9585
12495
52143
48516
38124
6039
36468
164431
22711
20155
41468
36891
65639
16550
19286
28898
5941
102724
47937
28616
56256
56833
4815
64742
56149
109097
53916
69894
53364
17384
28252
8198
87475
82916
24588
109468
50638
38446
124837
18663
38471
15145
30579
24979
29243
213197
64144
48406
36286
21880
36196
79283
8517
16758
10191
23980
53631
54436
79961
33226
18386
50286
23295
140858
32854
30427
42659
125416
4968
12059
23936
19216
43786
203880
29265
43269
13223
16637
6108
91531
70165
27980
21009
67693
159832
25250
13925
39891
14661
16471
61052
13693
47566
68659
4294
126215
22214
71837
32452
8185
55809
53304
48507
16197
87085
33694
84088
23928
13220
20666
18703
36215
69224
74940
102343
10597
34535
40916
31684
5896
86823
13432
39599
