2999
2999
2999
4124
2999
2999
2999
4116
2999
2999
2999
2999
2999
2999
5113
2999
2999
2999
2999
2999
2999
2999
2999
2999
5978
5614
2999
2999
2999
2999
4349
2999
2999
6131
5992
2999
2999
2999
3053
5258
2999
2999
2999
2999
2999
2999
2999
2999
2999
2999
2999
2999
3971
2999
2999
2999
2999
2999
2999
2999
2999
5298
2999
2999
4837
2999
2999
2999
5886
2999
2999
2999
2999
2999
2999
2999
2999
2999
2999
2999
2999
2999
2999
2999
2999
2999
2999
2999
2999
5786
2999
2999
2999
2999
2999
2999
2999
2999
2999
2999
2999
4221
2999
2999
2999
2999
2999
2999
2999
2999
2999
2999
2999
2999
2999
4934
2999
2999
4047
2999
2999
2999
2999
2999
2999
2999
2999
2999
2999
2999
2999
2999
2999
2999
2999
2999
2999
5041
3251
2999
2999
2999
2999
2999
2999
2999
2999
2999
3425
4129
2999
2999
2999
2999
2999
2999
2999
2999
2999
2999
2999
2999
2999
2999
2999
2999
2999
2999
2999
2999
2999
2999
2999
2999
2999
2999
3129
2999
2999
2999
2999
2999
2999
2999
3973
4005
2999
2999
2999
2999
2999
2999
2999
4066
2999
2999
2999
2999
2999
2999
2999
2999
2999
2999
2999
2999
2999
2999
2999
2999
2999
2999
2999
2999
2999
2999
2999
2999
2999
2999
2999
2999
2999
2999
2999
2999
3000
2999
2999
2999
4824
2999
2999
2999
2999
2999
2999
2999
2999
2999
2999
2999
2999
5646
2999
2999
2999
2999
2999
2999
2999
2999
2999
2999
2999
2999
2999
2999
2999
2999
2999
2999
5929
2999
2999
2999
2999
2999
2999
2999
2999
2999
2999
2999
2999
2999
2999
2999
2999
2999
2999
2999
2999
2999
2999
2999
2999
2999
2999
2999
2999
2999
2999
5576
2999
2999
2999
2999
2999
2999
2999
2999
5239
4003
5238
2999
2999
2999
2999
2999
2999
2999
2999
2999
2999
2999
2999
2999
2999
2999
4857
2999
2999
2999
2999
2999
2999
2999
2999
2999
2999
2999
2999
2999
2999
2999
2999
2999
2999
2999
2999
2999
2999
2999
2999
2999
2999
2999
2999
2999
2999
2999
2999
2999
2999
2999
2999
2999
2999
2999
2999
2999
2999
2999
5552
2999
2999
2999
2999
2999
2999
2999
2999
2999
2999
4196
2999
2999
2999
2999
2999
2999
2999
2999
2999
2999
2999
2999
2999
2999
2999
2999
3995
2999
2999
2999
2999
5571
2999
2999
2999
2999
2999
2999
2999
2999
2999
2999
2999
2999
2999
2999
3399
2999
2999
2999
2999
2999
2999
2999
2999
2999
2999
2999
2999
2999
2999
2999
2999
2999
2999
2999
2999
2999
2999
2999
2999
2999
2999
2999
2999
2999
2999
2999
2999
2999
2999
2999
2999
2999
2999
2999
2999
2999
2999
2999
2999
2999
5241
2999
2999
2999
2999
2999
3000
2999
2999
5199
2999
3621
2999
2999
2999
2999
2999
2999
2999
2999
2999
2999
2999
2999
4900
2999
2999
2999
2999
2999
2999
2999
2999
5485
2999
2999
2999
2999
2999
3612
2999
2999
