1999
3645
1999
1999
1999
3057
1999
1999
1999
1999
1999
3983
1999
1999
1999
1999
1999
3972
1999
1999
1999
3436
1999
1999
1999
1999
1999
1999
2000
1999
1999
1999
1999
1999
1999
1999
1999
1999
1999
1999
1999
1999
1999
1999
1999
1999
2889
1999
1999
1999
1999
1999
1999
2000
1999
2695
1999
1999
1999
1999
1999
1999
1999
1999
1999
3360
1999
1999
1999
1999
3540
1999
1999
1999
1999
1999
1999
1999
2000
1999
1999
1999
1999
2246
1999
1999
1999
2226
1999
1999
1999
1999
1999
1999
1999
1999
1999
1999
1999
1999
1999
2527
1999
1999
1999
1999
1999
1999
1999
1999
1999
1999
2000
2606
1999
1999
1999
1999
1999
1999
1999
1999
2372
1999
1999
1999
1999
3098
1999
1999
3422
1999
1999
1999
1999
1999
1999
1999
1999
1999
1999
1999
1999
1999
1999
1999
1999
1999
1999
3142
1999
1999
1999
1999
1999
1999
1999
1999
1999
1999
1999
2075
1999
1999
1999
1999
1999
1999
1999
1999
1999
1999
1999
1999
1999
1999
1999
1999
1999
1999
1999
1999
1999
1999
1999
1999
1999
1999
1999
1999
1999
1999
1999
2000
1999
1999
1999
1999
1999
1999
1999
1999
1999
1999
1999
1999
1999
1999
1999
1999
1999
1999
1999
1999
1999
1999
1999
1999
1999
1999
3239
1999
1999
3631
1999
1999
1999
1999
1999
1999
1999
1999
2073
1999
1999
1999
1999
1999
1999
1999
1999
1999
1999
1999
1999
1999
1999
1999
1999
1999
2949
1999
1999
1999
1999
1999
1999
1999
1999
1999
1999
1999
1999
1999
1999
1999
1999
1999
1999
1999
1999
1999
1999
1999
1999
1999
1999
1999
1999
1999
1999
1999
1999
1999
1999
1999
1999
1999
1999
1999
1999
1999
1999
1999
1999
1999
1999
1999
1999
1999
1999
1999
1999
1999
1999
1999
1999
1999
1999
1999
1999
1999
1999
1999
1999
1999
1999
1999
1999
2683
1999
1999
1999
1999
1999
1999
1999
1999
1999
1999
1999
1999
2566
1999
1999
1999
1999
1999
1999
1999
2065
1999
1999
1999
1999
1999
1999
1999
1999
1999
2718
1999
1999
1999
1999
1999
1999
1999
1999
1999
1999
3296
1999
1999
1999
1999
1999
1999
1999
1999
1999
1999
3151
1999
1999
1999
1999
1999
2873
1999
1999
1999
1999
1999
1999
1999
1999
1999
1999
3414
1999
1999
1999
1999
1999
1999
1999
3093
1999
1999
1999
1999
1999
1999
1999
1999
1999
3433
1999
1999
1999
1999
1999
1999
1999
1999
2672
1999
1999
1999
1999
1999
1999
1999
2000
1999
1999
1999
1999
2591
1999
1999
1999
3543
1999
1999
1999
1999
1999
1999
1999
1999
1999
1999
1999
1999
1999
1999
1999
1999
1999
1999
1999
1999
1999
2000
1999
1999
1999
1999
1999
1999
1999
1999
1999
1999
1999
1999
1999
1999
1999
2735
1999
1999
1999
1999
1999
1999
1999
2801
1999
1999
1999
1999
3535
1999
1999
1999
1999
1999
1999
1999
1999
1999
1999
1999
1999
2140
1999
1999
