3999
3999
3999
3999
3999
3999
3999
3999
3999
3999
5216
3999
3999
3999
3999
3999
3999
3999
6590
3999
3999
3999
3999
3999
3999
3999
3999
3999
3999
3999
3999
3999
3999
3999
3999
3999
3999
3999
3999
7118
3999
3999
3999
3999
3999
3999
3999
3999
4987
3999
4489
7403
3999
3999
3999
3999
3999
3999
3999
3999
3999
3999
3999
3999
4839
3999
3999
3999
3999
3999
3999
3999
3999
3999
3999
3999
3999
3999
3999
3999
3999
3999
3999
3999
3999
3999
3999
3999
3999
3999
3999
3999
3999
3999
3999
3999
3999
3999
3999
3999
3999
3999
3999
5468
3999
5190
3999
3999
3999
3999
3999
3999
3999
3999
3999
3999
11888
3999
3999
3999
3999
3999
3999
3999
3999
3999
3999
4000
7628
3999
3999
3999
3999
3999
3999
4128
3999
5073
3999
3999
3999
3999
3999
3999
3999
3999
3999
3999
3999
3999
3999
3999
3999
3999
3999
3999
3999
3999
3999
4125
3999
3999
3999
3999
3999
3999
3999
3999
3999
3999
4002
3999
3999
3999
3999
3999
3999
5746
3999
3999
3999
7301
3999
3999
5374
3999
3999
3999
3999
3999
3999
3999
3999
3999
3999
3999
3999
3999
4169
4000
3999
3999
3999
3999
3999
3999
5557
3999
3999
5924
3999
3999
3999
3999
3999
3999
3999
3999
3999
3999
3999
3999
3999
3999
3999
3999
3999
3999
8125
3999
3999
3999
3999
3999
3999
3999
3999
3999
3999
4135
3999
3999
3999
3999
3999
6571
3999
3999
3999
5260
3999
6581
3999
3999
7691
3999
3999
3999
3999
3999
3999
3999
3999
3999
3999
3999
3999
3999
3999
3999
3999
3999
3999
3999
3999
3999
3999
4415
3999
3999
3999
3999
3999
3999
5768
7787
3999
3999
3999
3999
4000
3999
3999
3999
3999
3999
7181
3999
3999
3999
3999
3999
3999
3999
6670
3999
3999
3999
3999
3999
5169
3999
3999
3999
3999
3999
3999
3999
3999
3999
8349
3999
3999
7011
3999
3999
3999
3999
3999
3999
3999
3999
3999
6710
3999
3999
6942
3999
3999
3999
3999
8617
3999
3999
3999
3999
3999
3999
3999
3999
3999
3999
3999
4829
3999
3999
3999
4328
3999
3999
3999
3999
3999
3999
6705
3999
3999
3999
3999
3999
3999
3999
5494
4209
3999
3999
7839
3999
3999
3999
3999
3999
3999
3999
3999
5377
3999
3999
3999
3999
3999
3999
3999
3999
3999
3999
3999
3999
3999
3999
3999
3999
3999
3999
3999
3999
3999
3999
3999
3999
3999
3999
3999
3999
3999
3999
3999
3999
3999
3999
3999
3999
3999
3999
3999
3999
3999
3999
6542
3999
3999
3999
3999
3999
3999
3999
3999
3999
3999
3999
3999
3999
3999
3999
4763
3999
4710
3999
3999
3999
3999
3999
4001
3999
3999
3999
3999
3999
3999
3999
3999
3999
3999
3999
3999
3999
3999
6929
3999
3999
3999
3999
3999
7512
3999
3999
5995
3999
3999
3999
3999
3999
3999
3999
3999
3999
3999
3999
3999
3999
3999
4415
3999
3999
3999
3999
3999
3999
3999
3999
