5927
2208
22422
2891
1082
10891
17224
5651
10002
36797
5393
6254
2700
2717
2423
18248
14074
9099
12816
2452
2019
33616
1620
11611
2263
2193
7625
13959
8636
14947
13426
4944
17319
13788
5528
4728
7646
4362
4817
7855
2011
14382
23787
3807
18747
12078
13379
7142
3864
6260
4508
3200
9133
10110
21816
2016
3986
6850
5019
14136
18628
11511
25491
10451
8695
11380
13352
3435
1275
8492
3352
19634
9256
6927
3930
2110
5298
9829
1681
14673
1917
7687
20706
4124
24584
5417
4770
13844
14279
6235
22138
6767
2904
11203
1030
22560
7283
1308
14625
9698
6064
4183
17494
29823
13912
5173
9584
3320
21043
19309
8649
36159
1047
10618
34388
23032
11964
1237
1455
7594
2315
12790
11241
10571
10914
4488
19171
7101
12649
7938
10583
23396
39057
4213
5150
20872
13016
2051
21704
6646
2513
8371
61882
6135
6799
9016
21755
9830
16880
11942
2839
7273
7644
3325
15083
3295
1710
28901
5907
2714
12885
7235
7324
15003
20348
3265
9414
5775
5432
7468
10196
18632
31151
4627
3973
28629
24205
1651
6731
14725
22060
16187
4389
13072
6369
8202
5170
13866
5519
11956
4807
36650
2524
3122
9848
36819
14798
3327
25363
3235
5132
6489
29556
22712
11592
4059
11619
6392
23820
15196
12784
21014
38675
4964
13174
13838
28167
17596
7467
5057
3309
4607
16568
40093
6178
36299
20791
8000
5605
8303
5605
7641
17774
13351
17616
5079
6028
5940
5997
6080
4489
21113
1668
7890
11565
12068
16095
8847
13301
25632
11347
37382
4766
1835
4018
18441
12656
4578
7498
6395
2994
7233
58065
20894
3633
16657
17006
13226
11641
8045
24556
17810
12181
4041
9617
19955
4669
4637
27155
7998
3611
3415
1998
50367
5969
6105
13880
6413
5764
12139
23860
36403
3672
11913
5490
13035
13363
15014
7585
20946
1700
9657
22465
3687
9131
10982
2293
8207
6071
28347
1768
16192
7544
5223
21188
4620
1364
21917
15202
7416
22586
16073
14412
2163
11701
24058
20063
19477
26785
24755
28522
14672
24974
10234
7096
3070
6027
5498
22420
3303
5236
5652
11295
18951
5792
3890
13031
8297
2854
19125
1941
1442
3402
5068
11145
2383
7381
3652
3235
19477
18403
53547
5240
27067
9411
9405
4648
21172
3752
12207
5647
18204
2953
3811
13189
6617
2201
1643
5922
9084
13550
12517
3039
3234
2081
14009
3710
11328
4403
48121
19550
4106
2881
8512
1635
30825
10533
3545
3222
3395
15436
8459
26144
5218
14320
1472
8767
5887
5176
6122
12665
19126
4444
8426
7261
1692
18921
24923
10481
3267
5520
28313
10412
5255
19908
20698
1676
3447
16023
2420
8214
8788
24746
46745
3018
2788
30111
1885
3379
8040
8059
2204
8383
5816
5088
5043
35202
5151
4404
25563
11129
8122
3122
3029
3010
2766
7401
16328
17068
9642
15453
1407
3432
2006
8573
9018
15675
14168
15795
2437
27136
4083
1758
5812
35086
4822
6195
4155
9432
6746
4807
16407
5372
19973
7521
22139
26978
2241
16334
8066
16855
4982
24896
10122
5191
6876
5123
5738
29269
9503
