10742
42881
39655
24986
11222
25220
67283
12479
7626
13466
30820
55212
27868
21465
9640
36148
13575
10999
30636
29406
10723
29268
38584
4700
45084
57564
58831
7326
15115
54369
3323
26524
19201
18256
7935
12470
34508
3851
21258
29495
12320
10146
3336
15903
7717
45754
16705
19610
36027
33868
38106
53320
4838
15759
35453
32324
15630
63168
15752
24246
20919
3722
28259
39420
25394
48258
73129
9366
34612
13958
13885
9103
34460
40524
75939
25269
18927
9241
28572
6109
117412
10138
16321
8748
61761
33149
30011
26993
23059
4773
79114
76216
86718
20649
38079
30830
5027
72392
46576
37553
20407
6954
25620
7696
8833
22540
6234
67774
10137
25518
37155
15956
63519
75227
27573
15007
61952
26493
50978
14502
48979
20715
22201
30487
14021
39917
38053
15320
26505
7933
11988
30703
37572
16434
21042
8310
8095
39466
14184
44436
21294
31140
24368
105557
39630
29858
75033
29268
15289
14028
22998
60071
34612
98526
15879
8109
37143
10536
10455
15466
20578
15084
66029
4478
14566
27588
30661
55159
20351
19123
36181
13238
6825
72908
40076
29279
68291
43569
7127
20095
4507
21186
35336
15850
69629
31152
16328
12415
19102
10854
43216
25409
21180
26360
6598
42818
23658
57563
61407
34263
6676
10913
34835
72689
48226
35698
10613
12959
8071
6622
15231
9178
43263
6924
74497
45124
73237
20237
25543
9983
46613
9332
28189
49489
37324
4602
6183
80709
22916
9565
15775
15238
51141
45864
36081
38352
45089
33316
15712
4958
13063
39831
10474
41393
36733
98637
16619
13825
31315
23171
4030
23766
28903
8484
22271
78730
13262
39077
68710
88057
32979
19473
11037
19176
8561
12249
43799
24206
28404
8921
11554
13527
64638
27123
43406
17453
15069
16575
27203
22357
3230
54442
40071
83531
9334
20126
36237
40151
114928
6378
21325
27698
26705
10673
20251
13066
54175
13234
22321
70211
136102
21687
33684
29892
46041
158478
24325
61010
32968
48081
94420
35913
20967
29223
47130
20964
59029
71653
15140
19022
40722
80066
4047
44593
9294
67946
20650
12936
54706
27519
116060
36569
28382
9054
54009
6600
95947
11785
18015
61263
31365
16724
26032
40154
6889
7145
81535
46919
9134
10348
129422
115290
36415
51053
15472
60798
29728
52610
23419
74963
81668
31551
41982
13971
18000
15842
35126
3080
53379
14436
125625
36342
11468
11866
55897
48928
37467
24790
52899
12063
20216
7984
6200
27637
8122
27994
28668
43453
29811
6268
26401
10051
26291
16263
15260
13896
6214
38090
110383
36298
185169
22334
33373
71814
13314
36914
37034
11349
28079
28303
16754
9131
33408
24848
7448
26065
29924
91193
8814
52380
11070
18673
72959
18249
15996
56555
54932
52279
71322
23922
9023
3687
21239
14017
18997
4127
48173
27962
21568
11234
10239
13634
24423
6600
81632
7142
9395
99874
6182
27183
128774
169513
11360
5192
24885
61828
122698
67027
28316
52009
54557
4501
86142
9875
19938
11689
60259
34389
24948
58377
66987
18610
115027
15729
3916
42475
11003
20472
33449
20349
114104
22716
30673
28172
65846
8762
45225
27223
9128
147017
29653
27483
85551
58031
7984
14053
54862
44397
25376
14866
