24094
24771
19721
8087
20177
43420
23011
9809
7267
60140
2323
10191
29072
8760
23041
18016
7960
4575
51220
51387
15899
8622
11742
10806
33013
14377
2426
23577
4023
51819
18125
21766
28443
20595
4896
12760
56157
28284
2938
3224
5261
16894
32405
35926
9452
59002
7365
34106
5994
18908
18574
5654
7397
4749
21188
23834
14806
15635
8622
17313
4384
15224
3475
9075
10514
14552
28330
15061
51245
2516
26703
13413
15971
14370
7620
8247
2710
27531
19350
4975
32244
47135
35193
8070
4238
5366
34001
3632
2780
6641
27726
9138
26779
41335
62706
94574
9025
29064
46376
4840
8037
43110
13839
49744
17734
40714
27951
15667
4471
9596
21967
19537
11157
4793
7409
16527
102462
12580
24257
7580
76187
40128
40502
10372
13370
11990
13729
19624
10626
10821
53983
4366
7235
25471
6820
7175
18032
17509
51435
37772
3307
60147
66038
8579
73589
3993
5347
4135
7458
7192
13307
42147
40955
27176
10516
9510
22153
9351
30391
29748
27447
10722
106363
12426
55345
14119
20903
25978
16331
17402
14709
28101
40766
35678
25260
12997
14041
27712
4236
4004
14744
26071
29533
7558
10315
14796
3397
54162
59528
13403
27684
31969
12271
7460
18925
19725
49193
8109
12169
16692
42735
15718
52635
16629
11337
25584
12356
36045
39372
10237
5106
18833
6294
16014
3224
26936
16335
10503
7448
22706
17251
30033
6271
4471
41170
14137
13268
11329
4787
26447
8280
18209
9569
21911
42788
33074
17592
12745
11057
9432
3691
8145
28816
11370
10968
57044
51745
25123
5000
41279
46352
11046
24196
38738
16477
14435
30755
6848
19874
4843
3963
56353
23254
23518
56625
30255
11885
20444
16784
65005
7314
6704
11368
41728
20643
38240
6982
33031
91034
75832
40205
10043
12552
6483
18657
12945
21854
8059
14603
11948
10155
5995
9062
13026
30921
57668
36454
13317
7804
37716
12148
65225
8086
13757
17290
20452
15801
69427
4427
20455
26079
43811
8624
7660
73254
5800
15459
32304
19331
17159
9144
10675
41670
8418
2655
15565
16933
31952
90468
6906
112996
22459
36229
17783
13446
15965
12231
44709
72986
24170
24527
6763
3301
5463
17285
12461
8645
5888
3318
29972
4829
3398
37681
34507
11642
13139
6389
17296
8939
11149
52978
2402
8612
20260
20457
12920
23534
10580
34198
17312
37244
8989
8133
4347
3443
28125
44542
2727
54754
2411
40096
9727
8264
7855
11138
22909
23106
35143
10395
38257
6321
46086
12759
4486
57566
12740
12273
12534
19051
12756
17456
3787
7257
62577
5029
36639
3633
20323
12614
37710
27125
16548
3639
28298
3616
6946
5548
50039
22402
15613
16967
16609
8210
42618
11120
9730
26857
3505
9963
22469
29051
26562
9716
13596
38748
4139
6683
17150
44942
6507
56133
44172
19884
29939
90400
9433
14089
59987
11860
6198
48559
21568
20357
29931
12023
8260
42621
43739
58817
34729
6811
7508
22779
12726
9737
13770
15947
14934
8098
3316
30418
8862
18161
11375
6951
23193
17719
13478
22656
45103
10115
7994
12353
4813
6935
18250
18465
10696
4485
14976
4745
18131
19108
35257
53683
6826
12499
15924
47389
43454
