6824
7917
8847
8636
6142
11385
4796
15998
5007
4500
5681
7109
13008
7853
6921
9008
7265
8328
9965
6353
12239
6019
4296
6624
6991
14262
4690
4734
7838
7817
8268
4797
4935
6233
5365
9202
6743
13089
9522
12366
16374
4724
9026
11753
9285
7003
4789
4335
6566
6103
7417
9507
5059
10014
5820
9066
8663
5578
13059
8630
9589
6215
7240
8415
6712
7370
7672
6945
13391
11608
4374
5559
7892
11929
16203
7637
8369
5976
9363
13895
11727
10440
6588
5294
10099
5309
8266
5453
10872
5786
6328
11832
4724
11394
6040
4084
9764
7061
4878
9826
12370
12169
14498
10157
4543
5568
7132
9561
7031
11585
10334
7323
8710
4940
7649
5669
5212
4134
5208
13784
12062
8102
7778
7838
6650
9298
7755
7358
9946
5692
4025
6214
9631
8996
7079
9671
5344
15030
4786
4807
5310
9876
6754
5428
7698
5518
4239
10692
8819
5475
13071
7065
5916
11254
7315
12444
7963
5613
11459
6438
6428
11038
10377
6542
13797
4791
4370
5776
5526
9354
6217
6492
11433
9375
6018
7475
5457
7646
6015
16845
8105
11161
4028
8485
9661
6326
4670
5353
13362
4801
8408
5088
8741
4911
7314
6740
13899
4421
8995
7380
10458
9139
7274
5720
12303
5465
7556
12191
9994
9834
5846
10415
6125
11139
7938
6668
13299
6820
4362
8291
9864
5435
7778
7319
14216
6774
4743
7536
7724
8377
8963
7778
10613
9559
6393
5303
10045
8406
9844
5890
9421
4994
4072
5303
8645
8974
9163
12913
6852
8307
4304
8892
8268
8665
10694
7385
9532
8882
8739
6527
7724
10749
5956
9319
6736
10641
11440
15653
10860
5122
13060
6244
7514
7881
6102
5645
13006
7279
10357
4063
7483
7917
11351
7258
8017
4418
11349
14147
7653
5523
10658
7883
13910
11305
12309
7506
4362
9175
6163
5963
14551
6206
8638
8953
5146
11352
4280
6866
7180
4538
4615
5390
9290
7242
12168
10614
4476
6775
6792
5955
10989
8885
6056
8022
9434
7708
12921
6528
8527
5344
4535
9277
7668
8699
5824
7860
5074
8980
7090
6811
8439
6581
6664
6523
8889
6963
4961
8904
15504
13269
11451
6643
6981
4178
4243
9923
4125
6903
5077
5894
5709
7358
9248
5249
16355
4093
9507
9204
12604
8683
6240
9102
5516
6809
14230
8172
6707
7597
5877
7651
9392
10186
4833
11235
9145
10033
8125
6981
4288
8492
4691
11590
12609
6432
7648
10005
8380
4137
4542
9688
7907
9702
4487
8590
13274
5460
6210
9032
7848
8025
6639
5228
5199
4780
6323
5519
7853
11198
6701
7518
5125
6693
7086
9122
11337
6890
8679
12323
11169
7568
6192
10685
4641
9121
7562
8509
6867
4520
11620
4092
4160
5484
4701
5339
4360
7294
7614
7465
10656
10706
4898
9087
7010
5883
7199
8179
12057
7082
6009
8519
10031
9389
7402
7088
20026
9232
4098
7045
11097
7028
8194
9705
5705
5460
4380
6317
4907
9354
8820
7877
9944
7853
4594
14747
11260
8308
7908
9850
8832
6478
11520
10064
5535
5280
4829
8935
5399
10192
6314
15560
