1546
4726
1682
1327
1396
1243
1910
1876
2445
2203
1477
2225
2623
2683
1672
1437
1729
2010
2432
1820
1987
1787
3167
1384
2296
2437
2029
2940
1333
2038
1312
1060
2724
2409
1868
2428
2483
1997
1656
1147
1588
1089
2350
2171
1921
2294
1015
999
3128
2906
3500
1555
2309
1658
1451
1141
1113
1620
1577
1481
1432
1915
1965
1556
2190
1476
1363
1564
2066
1532
1158
2461
3515
1791
1525
1780
2216
1622
1216
1578
1477
1355
2080
1881
1927
1358
1987
2132
1514
2576
1615
1528
1867
3075
2522
3688
1146
1257
1021
2013
1994
1620
1194
3027
2937
2358
1289
2881
1818
1567
1355
2509
3248
2759
1311
2349
3023
1725
2294
1216
2084
3796
2607
1783
1916
3274
1274
1125
3125
2298
1459
1284
3398
1333
2357
4640
1192
1431
3118
1181
1967
1046
1921
1378
1633
1178
2419
1811
2272
1231
2009
2078
1749
2637
1594
1300
1706
1394
1726
1503
3237
1172
2293
1087
1124
1062
2255
1252
1928
3091
2871
2901
1166
1664
1224
1013
2060
2164
2927
1757
1634
2295
1316
1900
2437
2010
1371
1765
1531
2264
1541
1919
1745
2094
2421
1090
1926
1150
1458
3307
2595
3162
2504
1810
2916
2888
2322
1110
1198
2693
1294
2331
1236
1710
1898
3216
1653
2195
3707
1738
1986
1077
1355
2105
1598
2251
2005
1331
2757
1513
3921
2089
2597
1246
1389
2011
2262
2639
1548
1326
1722
1511
1749
2070
3125
3771
1648
1242
1672
2326
2264
1723
2490
4158
1538
1219
1119
1869
2474
1511
1712
2296
1494
2314
2577
1206
1227
1060
1198
2742
2218
2230
2233
1978
1686
3098
1889
2911
1733
1250
1588
1017
1902
1076
1560
1224
3076
1303
1298
2143
3257
1131
3802
1581
2482
1146
1297
1048
1358
1280
2022
2056
2740
2576
1874
2507
1130
1162
1879
1624
1338
1049
1047
1507
1930
2043
1410
1834
1257
2068
3740
1452
1352
3291
1478
2405
2348
1933
2159
3361
1771
1533
1135
1107
2126
1228
3804
1400
1168
1114
1324
1768
2343
2768
3108
1736
1272
1019
1681
2249
2099
1437
2526
2567
1412
4070
2989
2424
2273
1201
1435
2920
1823
2676
2935
2415
1379
2312
3786
1787
2074
1935
3726
3337
3977
2188
1983
1721
2506
2671
1072
1890
2215
2033
1108
1867
1471
1652
1697
1230
1171
1435
2950
2459
2171
2789
1751
2685
2333
3361
2970
1471
1764
1238
1287
2006
1141
1400
1259
2446
2374
1830
1260
1767
2845
2284
1077
2747
1898
2574
1670
2411
2306
2312
1294
1551
1050
1505
1490
1640
1948
1978
2015
1813
1955
1685
2173
1202
2733
1091
3460
1332
1702
1790
3645
2942
1998
2790
2158
1801
2355
2786
1746
2688
2370
1618
2534
2667
2129
1221
2883
1922
1642
1440
1813
1568
1302
1962
1307
1581
3280
1916
1487
2036
1750
1821
1522
1018
1060
1149
2020
2833
4762
1321
2382
1887
1983
1194
1940
1339
2401
1843
2186
2522
2119
999
1795
1550
1205
1742
