2288
2712
3984
2509
2153
2273
5869
3935
3812
2964
4401
4495
2000
3758
6467
2396
7183
2731
5361
4967
5742
3897
4574
5924
4438
4083
2902
4271
5604
8255
3456
3628
3747
4491
2801
8725
4653
3244
4763
5109
3495
5710
3449
6634
5615
3357
2928
2877
3804
2032
2270
6058
4654
2474
5896
2025
5147
4478
2926
2166
4567
3191
3387
4688
4307
2959
2046
2666
3993
2646
2637
4476
5472
3836
4607
4158
3273
3138
5537
4202
3643
4088
3826
4583
4520
2336
3190
4440
4794
4195
3337
4765
2145
5022
5676
4976
2356
2931
4361
3646
4468
7295
6791
2472
4835
5394
4705
4574
5916
4153
6330
2224
4115
4273
2730
3175
4509
3542
4150
4299
2920
3848
3662
2845
3148
3536
5844
4116
3680
2738
3310
2300
3323
3024
6167
3178
3540
3584
8174
6271
2674
4210
3376
3236
3960
7137
2581
4752
5326
3532
3904
3083
3517
2669
3813
2952
2523
2388
2614
4496
3404
2950
3285
2499
4271
3896
4905
2630
2130
2714
2394
4344
2186
2551
7215
3413
2618
4342
3594
4070
4051
2073
4784
3156
2458
3833
3333
5541
2447
5200
4960
5892
5766
4444
2262
4389
2090
7334
2437
2360
3901
4381
3334
2906
3897
3974
2544
2683
6138
3190
2633
2829
2486
2279
2181
2838
6883
3066
2526
3654
5044
2121
2927
2145
4181
4850
3077
4011
2029
5357
2322
5420
3687
4610
2052
3748
4353
3641
4450
3884
3033
4411
4739
3995
3291
4769
5692
2703
5033
3149
4011
6545
2872
3055
6513
4032
5098
2337
5567
5646
2522
3215
3177
4932
4913
4231
3682
2844
5295
2455
3759
3273
3082
4300
3837
4762
2959
3720
3326
2687
3269
2540
6277
2044
3620
3483
2928
2617
5409
2335
2266
3891
3467
3314
3767
4010
2405
6266
5645
4869
5520
4600
2371
3254
7510
3205
4056
2600
4201
4503
3496
2839
4652
4966
3041
5943
4078
6011
2819
2997
2269
5156
4225
4135
3490
3477
2110
6731
2819
4058
3709
6013
3139
4106
4048
2629
3977
4885
6009
2891
4012
6288
5500
2274
3189
2248
4320
3707
4989
2761
2438
3031
5616
5400
2326
6466
2159
6391
3738
4049
3019
2352
2666
3390
3640
2380
2035
4681
2458
2093
3809
2137
4169
4467
3564
1999
5191
3105
5727
2672
2445
4982
4074
5179
3702
6260
3207
7502
4743
3583
3348
3922
3440
4215
3941
2179
4773
4253
3697
5327
2766
4053
7130
3782
4331
4597
4800
2687
3023
2917
3386
3094
3038
2818
2892
2027
3064
4386
3063
2220
4119
3574
2434
3443
4685
2428
2097
2467
2570
5278
3857
4930
3214
6637
2706
3288
2011
2052
3204
3489
3480
7177
2121
4295
5026
4342
2415
5756
4978
4333
3772
4556
3094
5173
2689
2949
2343
4169
2683
9453
5077
2300
2946
3224
5360
2995
4394
6834
4551
2201
2430
2258
6980
4803
4061
5109
2140
3852
2071
2215
4767
2886
2083
2827
4884
4574
3457
6682
2686
4430
3155
3314
2972
10221
5488
5319
2330
4808
3416
3732
