6945
3988
4366
7644
3449
13012
5984
3950
8075
8350
5221
7457
4993
4112
3300
9356
8399
9045
11561
3247
3895
7153
3332
6902
5376
5774
3752
7567
5213
4090
12009
8114
4149
4094
3613
6525
4285
3416
3070
8263
7300
9055
4476
3116
4973
3321
3695
3471
6293
4525
4127
10257
8313
6299
4031
3043
3131
3254
3521
5661
3987
8413
3880
5964
6469
6907
9314
5354
3397
5060
5823
6951
3001
3613
5176
6237
3231
5890
7541
4507
6211
7611
5049
10832
7728
5100
4879
5467
4912
7262
4569
5807
5506
4387
3101
6954
5976
6450
3398
6451
11404
11137
5454
6007
5958
3381
7592
9218
5790
6439
8163
6546
4165
4425
3028
5973
9081
6483
5361
4817
6779
3661
7688
8223
3053
4130
7482
7231
6318
5378
6042
7088
4440
3068
8445
3773
11978
3109
7232
4111
6525
5307
10875
6198
6344
7945
3478
4819
4350
5677
5175
6210
7260
4569
5856
6536
3019
9652
8784
5651
3366
10653
5693
7110
3879
8885
5781
8401
4583
4732
8913
4667
6158
8323
3302
5395
3521
3760
4882
4485
3469
6467
8080
3289
6400
4508
7408
4366
8792
3102
8397
6228
3785
5747
4524
3895
5729
3496
3179
5198
4715
5933
6922
5909
7298
4405
4265
5954
5882
6806
9653
3207
5826
5659
5830
8352
5116
4766
4827
5149
4839
3847
9058
5044
8328
4566
7786
7810
4539
6984
6808
3358
11529
12445
5018
4358
4671
7641
8185
7746
8649
8748
10017
6109
6776
4423
8148
5724
6745
4550
4548
3446
5902
9023
4472
8732
6683
5581
5770
6021
7286
4295
3538
12912
9574
5056
6890
7175
4871
6546
6717
4326
5219
6521
6457
7341
3833
3460
8065
3601
7021
9101
4491
6372
5579
8934
8036
4690
5858
4839
6700
3467
6128
6310
8700
3069
4998
6944
4363
4849
4802
6119
8573
9641
7348
6465
4267
3746
6951
5215
3127
4498
6822
4055
4031
5292
2999
5910
5511
8438
3792
8238
8151
3496
3307
4048
11429
6315
4515
5080
6915
6504
4488
6891
7138
6015
4528
3328
7019
7213
10108
5443
9208
7969
3587
3104
10200
10745
11270
4749
7668
3548
4350
4801
4658
4205
3109
4548
4712
7389
3966
3930
5537
8191
5377
5088
3933
4583
4147
4646
3964
6691
8086
9956
7107
3925
9352
6351
5776
8723
4013
7333
3907
6000
7286
4082
4270
12551
3661
4191
9331
4723
3440
5915
8882
5179
6560
6129
5851
4813
5408
8641
7520
6086
11175
4340
4796
7980
3662
4538
8192
4445
9284
7795
5546
4779
3972
3418
4179
4424
6080
7589
6215
5891
4283
8087
5645
6135
7826
3939
3763
4840
10673
10803
3433
5178
5335
4582
9034
10125
5203
8230
4000
6036
6759
3180
6208
4429
6812
7528
6236
3550
5570
7200
5438
11794
9112
3512
4196
4272
7986
9085
6196
3568
4003
7250
7524
5545
4336
3993
7183
4693
4924
8944
11092
11435
3938
3681
9637
4504
8624
3643
5641
4732
8182
7342
8046
5144
3416
8770
9209
7028
7049
8469
6781
4011
4923
4112
4093
5782
