471331
470119
477969
476846
471536
472545
473144
480326
472642
478999
473353
475318
473945
472012
477345
475195
485156
479183
476144
469527
473691
473837
480558
478946
469848
472477
480447
471718
479360
469788
477585
474554
471986
478347
480936
481055
475933
480169
477181
474777
479796
479102
474198
469252
478628
468799
468441
481363
483805
476089
477373
471303
476456
475133
476682
475360
474558
477881
477474
477680
474941
469387
472366
475806
478012
474312
483423
472791
476808
476827
475020
471702
481556
484847
471596
473534
478356
472533
479150
476923
475649
476638
477142
472009
473580
471582
481513
479508
477490
470725
477276
480922
473787
475007
475158
474392
472201
478818
471810
480161
477920
471843
474568
479130
477614
475765
477980
475230
480069
475856
474039
479571
472808
473005
468923
466845
475688
478331
479794
473388
477354
471966
477991
474349
480556
471953
474948
463029
474440
473589
474239
478879
474594
476338
484319
473342
472580
477089
478015
474974
471773
477355
480260
472087
475372
475920
478988
478659
473546
467840
474008
474978
476123
476974
475044
472076
466478
474687
473187
476324
475967
471266
480094
467092
472939
476174
466121
471567
473142
476695
468348
466536
473574
479719
474961
472345
478574
473961
480647
472871
476669
471837
473701
473901
475467
474155
475855
475994
468595
474102
471377
471912
480482
474863
474093
472559
471961
475556
479799
473664
475999
472194
479091
483048
478971
475265
470390
476971
478062
475942
476528
481804
471242
476880
478935
470771
473824
476441
476432
473461
477215
476257
471227
475503
469271
472268
473666
478685
470431
478538
473780
471619
470942
479276
473504
479148
471436
473446
474552
482309
473086
476008
472162
476439
474078
479598
477310
477862
473877
472775
473384
476552
475522
475807
478163
477135
475630
471813
477108
476112
474171
473613
470127
474965
471813
471694
469705
475253
477184
480176
472389
472987
479505
479591
477671
477672
477807
472975
477060
469699
478018
481662
477621
472872
474741
475246
480405
479587
473971
481123
481405
475959
474070
473405
480319
482725
476859
471263
476396
470166
477570
474864
471738
474865
474848
475709
475963
471972
474460
478625
476479
471817
476838
481655
479398
477315
478568
467322
473619
473347
474294
472457
471235
469730
469287
470345
469596
485537
474895
476043
475036
476786
467219
473636
476869
466185
476357
481298
478648
475977
479383
477650
475544
477151
471966
468033
468671
468850
469410
471547
481324
474501
479570
475491
477136
477666
470878
474606
475269
475494
473328
485991
483504
477464
472053
476315
475950
477801
463384
477922
480161
476663
471916
475143
470477
479880
475493
472844
481303
479914
476187
471918
472719
475352
477563
478562
481305
476935
475059
472371
475278
478729
479293
473769
475993
475703
472368
478651
472481
478217
469837
473506
480489
485114
474925
477560
475471
480726
478374
471472
472174
473640
478049
487483
474983
476622
465868
476909
476958
477032
476067
481674
478092
484072
468771
475517
470328
476171
476983
475923
477862
478270
478266
480261
473992
480530
471666
476923
474327
477581
478108
477513
473461
476464
479253
472019
476374
479619
479425
483453
477696
474892
478401
472114
473778
472936
463338
477150
476143
478157
472394
474261
476491
475338
482505
472559
476385
472535
475071
475838
478063
477713
477221
478190
474165
469723
472937
481997
474527
477386
475737
476569
477616
473079
473061
475504
470229
478013
469469
475519
480437
479262
473768
474811
481965
475670
481756
474000
478663
475678
