7536563
7559565
7604745
7569279
7552214
7574714
7635819
7659253
7609458
7617038
7529116
7611533
7596966
7657137
7553094
7590188
7582230
7637296
7642247
7626523
7571203
7632206
7638488
7602683
7640999
7653068
7628385
7632553
7634315
7595077
7663196
7607151
7611219
7636755
7638715
7629868
7644170
7574793
7678303
7640061
7606584
7641430
7611400
7593198
7612041
7587726
7592889
7591866
7605803
7559517
7565078
7605329
7599939
7585726
7599502
7626794
7643843
7645739
7599400
7622078
7635493
7579237
7632535
7575603
7583627
7606415
7647935
7570374
7604678
7549530
7637682
7621306
7630875
7640894
7595974
7595675
7628688
7641027
7599918
7645786
7630519
7654694
7630862
7599239
7601480
7563570
7565323
7687013
7591994
7644548
7598477
7630715
7531842
7625217
7647726
7595196
7604405
7622366
7621771
7595254
7604416
7594266
7582176
7645806
7623293
7642128
7537140
7597075
7621420
7627631
7649342
7617072
7605551
7594357
7622015
7641966
7547635
7602359
7596461
7644475
7616613
7607556
7596042
7607902
7597930
7604309
7551917
7661790
7626778
7613206
7596460
7656625
7595562
7567019
7572710
7577208
7567286
7598781
7633677
7614215
7630316
7645226
7611813
7650890
7614189
7573201
7564813
7643133
7626249
7610514
7638952
7635991
7589478
7556407
7565152
7616831
7645143
7653351
7608605
7607528
7668637
7582049
7628303
7652120
7627305
7654315
7554515
7651746
7585845
7620490
7594330
7610243
7594524
7599281
7598090
7612206
7594807
7593241
7643859
7620712
7636574
7603388
7606223
7615367
7612052
7625396
7628230
7645004
7577879
7626724
7567455
7644557
7580995
7606157
7642363
7573436
7580786
7632486
7584203
7586360
7606243
7636663
7561845
7653428
7659903
7610272
7606199
7663583
7618571
7595164
7545904
7613419
7591046
7678336
7564268
7598887
7636522
7623093
7654211
7582338
7621676
7605491
7632869
7620687
7605564
7607724
7642893
7602650
7643144
7599037
7608407
7613614
7649699
7677117
7648017
7657592
7578125
7630255
7563855
7598990
7636962
7602068
7615081
7617131
7605532
7641732
7574965
7625724
7602812
7594841
7609467
7577951
7623669
7588316
7634807
7573273
7610323
7674410
7553148
7622936
7632730
7609171
7663902
7579843
7622317
7594533
7608008
7655185
7568943
7635295
7652004
7638381
7582369
7582508
7669194
7651073
7615317
7658378
7641663
7621379
7562687
7561578
7599539
7551345
7640880
7608877
7587386
7638857
7615785
7632823
7598366
7686939
7639262
7643972
7575509
7680460
7620939
7589417
7659480
7584358
7657905
7612541
7615193
7552130
7591671
7633049
7584466
7601253
7637013
7630553
7589706
7605743
7670700
7629460
7622199
7624347
7642943
7586681
7592851
7562064
7560875
7603903
7624547
7606027
7571929
7666226
7549456
7605852
7588596
7687310
7563610
7632206
7601069
7558494
7543313
7622202
7601192
7581226
7648466
7652425
7621127
7630913
7637345
7642643
7634769
7636516
7614203
7570796
7613143
7613539
7682132
7648282
7649895
7610620
7576639
7618343
7598862
7581954
7609033
7648968
7637897
7603454
7675068
7625549
7607882
7635065
7594438
7650785
7568725
7668006
7634689
7613169
7627370
7622339
7592395
7593727
7615626
7601318
7600505
7566610
7603450
7618714
7638561
7548068
7639662
7622583
7600776
7651029
7595554
7562994
7653318
7603544
7625406
7627302
7647376
7627236
7594017
7660863
7595382
7578905
7606237
7623074
7571531
7591870
7602616
7611915
7619868
7630809
7648093
7662195
7675809
7658915
7615556
7626163
7664062
7602419
7624982
7627261
7568487
7675225
7657875
7588703
7605503
7625640
7585995
7580741
7614476
7569426
7598064
7603977
7647613
7613780
7613817
7632654
7613814
7577347
7593850
7579051
7674338
7643166
7632598
7681121
7634471
7658325
7589989
7606697
7632372
7618936
7634386
7584153
7599823
7611715
7694433
7623934
7620533
7586554
7645838
7577630
7665846
7576892
7612300
7572883
7615388
7630665
7568263
7653968
7594752
7555927
7635199
7626898
7603310
7610180
7618580
7576537
7628065
7622514
7603545
7564194
7598285
7585439
7579092
7607351
7640357
7650427
7602947
7621078
7585966
7587792
7631520
7634029
7605891
7608735
7616269
7657196
7600972
7617420
7612820
7611532
7613703
7520120
