1916166
1894257
1903387
1894081
1907057
1889587
1904372
1908050
1902296
1892718
1887578
1899863
1918718
1908755
1902160
1914637
1905135
1884133
1906597
1913559
1888752
1918163
1890134
1914977
1887754
1898876
1916455
1905532
1908272
1892588
1924018
1888323
1909549
1898984
1903872
1905033
1879248
1907420
1899000
1886174
1895680
1915015
1906765
1913114
1900017
1897674
1901309
1906915
1903280
1912518
1903163
1889981
1906833
1882218
1889184
1886892
1891496
1886140
1892247
1910093
1896837
1898633
1889234
1912257
1897240
1893096
1916678
1915382
1895952
1909940
1906664
1904205
1898576
1892560
1905902
1894993
1919501
1913686
1912046
1906083
1912373
1898081
1913590
1915163
1902288
1898963
1888644
1901558
1909021
1904210
1903307
1900394
1906455
1910045
1885090
1901656
1890116
1908738
1890208
1891508
1910704
1918022
1906645
1928073
1919765
1908294
1890870
1905708
1897698
1894580
1891280
1898274
1894318
1886115
1921528
1899784
1894709
1893366
1901563
1908510
1925782
1915005
1904332
1895587
1907271
1898293
1913109
1918574
1885566
1904997
1898847
1888286
1915991
1912285
1907271
1894097
1905452
1901665
1874434
1902330
1912393
1900620
1909327
1897706
1923804
1909950
1901988
1889575
1905265
1903796
1922285
1907876
1905418
1920708
1904311
1882192
1906405
1897670
1890191
1893617
1924805
1911007
1911636
1894981
1899338
1907719
1896936
1892658
1890267
1895227
1891029
1906191
1895822
1894983
1901729
1901394
1895710
1904562
1898069
1888281
1899967
1905541
1902066
1896905
1883784
1884282
1902083
1897825
1910826
1893452
1901726
1911843
1878779
1900097
1883411
1893518
1896459
1921117
1923294
1908242
1896627
1889683
1906247
1908569
1901680
1897199
1885274
1917819
1895630
1895913
1911554
1911842
1895327
1895613
1873696
1898480
1899082
1900389
1923350
1911791
1908264
1913477
1891641
1889550
1897906
1919184
1910515
1910733
1903066
1912816
1897638
1894053
1899286
1922411
1891537
1899973
1891626
1912719
1898959
1894411
1906907
1899636
1916199
1895295
1905216
1897695
1901490
1917444
1920533
1910999
1894648
1915188
1883618
1895663
1900635
1905840
1912813
1897921
1917229
1912456
1911709
1894905
1903146
1896265
1900345
1914580
1911612
1912607
1900381
1894044
1905724
1912389
1885776
1910558
1908841
1908299
1907283
1906000
1896211
1901663
1903199
1884858
1915668
1898457
1895024
1897659
1916536
1902515
1903692
1921755
1897117
1893567
1902019
1888444
1908230
1910183
1898549
1915325
1888591
1912372
1894126
1910376
1906434
1893322
1910794
1896323
1914304
1906927
1916410
1900110
1902777
1888646
1882666
1895399
1935996
1896205
1887495
1913259
1891779
1897878
1911674
1918709
1896103
1916859
1908754
1889975
1885262
1915557
1883834
1905943
1882297
1882501
1905665
1890788
1863469
1896424
1909566
1897517
1905288
1909077
1901273
1888180
1907333
1883346
1911683
1894500
1895909
1905893
1908770
1888698
1895981
1903763
1905427
1884333
1908583
1892286
1907547
1927530
1908612
1901525
1900672
1896980
1913479
1930190
1910681
1889050
1901303
1910876
1897807
1912360
1916751
1904990
1898980
1916624
1909536
1897162
1883866
1927436
1903494
1893962
1902970
1899603
1904443
1887491
1899562
1904539
1909300
1911255
1894757
1915879
1906318
1914389
1902623
1896173
1906768
1898514
1925033
1897362
1887903
1903160
1908102
1913287
1906873
1918382
1901016
1908450
1909999
1899757
1900066
1900743
1918815
1884922
1903115
1902920
1919536
1903108
1909551
1912782
1902765
1898644
1898479
1913979
1902306
1899791
1879803
1899222
1892605
1876168
1901588
1907820
1899576
1900534
1904513
1900047
1914644
1896163
1894924
1905789
1894895
1907135
1884925
1923861
1883479
1904222
1904938
1893324
1886326
1916820
1918999
1903390
1914795
1893206
1912882
1892994
1897540
1902652
1906129
1910139
1901182
1919252
1918650
1897657
1897650
1897523
1892573
1899767
1924294
1906049
1914550
1912144
1892450
1902022
1907345
1916727
1886570
1889570
1886629
1901230
1918268
1895998
1895995
1901800
1875727
1934320
1914191
1893102
1889268
1897655
1920682
1914959
1911965
1889357
1894081
1911640
1919660
1900318
1912416
1903908
1907572
1909187
