4295033
4250522
4274006
4294461
4292041
4237307
4284142
4257189
4301289
4313192
4250114
4272608
4276197
4277210
4250870
4280761
4250337
4287238
4267091
4270295
4280326
4323793
4246602
4279758
4317250
4319277
4278743
4298276
4255878
4284228
4282191
4300178
4288846
4286064
4269149
4267036
4257732
4289924
4295051
4299735
4297314
4261493
4253722
4275878
4276228
4253030
4288332
4254198
4281803
4264467
4267623
4292195
4296966
4280036
4261858
4251149
4260905
4294032
4306178
4287838
4278414
4335838
4294097
4280438
4298229
4288294
4312506
4307983
4251806
4314339
4273386
4259551
4260977
4268867
4336761
4287343
4281179
4267223
4282302
4275601
4296999
4305361
4261130
4278622
4289146
4286949
4262974
4264581
4261653
4261328
4300651
4292600
4280949
4293784
4283529
4267865
4301755
4282783
4306847
4284884
4275274
4287548
4277261
4231865
4298368
4224674
4293490
4260421
4297742
4298770
4304315
4274804
4262795
4249804
4285893
4274457
4279735
4257555
4279694
4258969
4285105
4299602
4306609
4310168
4257546
4281806
4300893
4323351
4287330
4304655
4292194
4271106
4276846
4307184
4265568
4312841
4259396
4277581
4306203
4265967
4274106
4291284
4252473
4260078
4281364
4276963
4291594
4247860
4258738
4299908
4284675
4279663
4288281
4257392
4308205
4274653
4287545
4285961
4283854
4286627
4270104
4295950
4267368
4251967
4289445
4262787
4266971
4290749
4281502
4306943
4277817
4246656
4279060
4283175
4291771
4285513
4279815
4273431
4293434
4280703
4277113
4301622
4291606
4308362
4292223
4292592
4288102
4278876
4270981
4286094
4314261
4278546
4290733
4257513
4281336
4269520
4284127
4260937
4267844
4273466
4288407
4294149
4251537
4293358
4283747
4285357
4293428
4272467
4289594
4249699
4293691
4267542
4283126
4327451
4282332
4307457
4282666
4308480
4278240
4299315
4273782
4282309
4268406
4277994
4252803
4275417
4287960
4348999
4262801
4297863
4300132
4294845
4267598
4305178
4297086
4299768
4288154
4300762
4318839
4252697
4256521
4319019
4282789
4213635
4282605
4261193
4268982
4279547
4287961
4296570
4277414
4285205
4294169
4295484
4246446
4310317
4309632
4267877
4305736
4306136
4293279
4259484
4300341
4286992
4317782
4284973
4303138
4276979
4275434
4265364
4309929
4296776
4317221
4300244
4284144
4292112
4261487
4288733
4277750
4291583
4295103
4281992
4330162
4293192
4311126
4281135
4244076
4313634
4284877
4253176
4260117
4266277
4270929
4319563
4297418
4262786
4299965
4282734
4293318
4285066
4317260
4257985
4317457
4251314
4283665
4295506
4269171
4285860
4302206
4278421
4273075
4239034
4280497
4285951
4259551
4281091
4240899
4297012
4273691
4336920
4261969
4278284
4263380
4307935
4277929
4300717
4268037
4288270
4269287
4300076
4256821
4270789
4268066
4272567
4286472
4298809
4282218
4278121
4254310
4267501
4307298
4280863
4255605
4271462
4279907
4279310
4285861
4291882
4310074
4260547
4281995
4266456
4257676
4255915
4294360
4314986
4273861
4299843
4291934
4286533
4289767
4298115
4290522
4257256
4275419
4276990
4258487
4296548
4298874
4277264
4297309
4270422
4264622
4284263
4263036
4297639
4250591
4275860
4259419
4269226
4288652
4283121
4248252
4284670
4251183
4272673
4302096
4263388
4284243
4235816
4318081
4294272
4264561
4303256
4285891
4247491
4220327
4274114
4255229
4309620
4287394
4294166
4287629
4278975
4238501
4282259
4304715
4288112
4284252
4271098
4244529
4272142
4289841
4307333
4278674
4263477
4269232
4290502
4293038
4288875
4284171
4296402
4281937
4265029
4288984
4284810
4252863
4284179
4299563
4266292
4242004
4289971
4270619
4292540
4270794
4281392
4285974
4308102
4281211
4285674
4274276
4270530
4273026
4254940
4283437
4267227
4293470
4254563
4292853
4259275
4318054
4273859
4285279
4288034
4257678
4306729
4291104
4306580
4281434
4293149
4271019
4290217
4307082
4265252
4290046
4293229
4275964
4221777
4273543
4315888
4284947
4263743
4272431
4271240
4287933
4291217
4290808
4288277
4247147
4268451
4284996
4325245
4288315
4281781
4272203
4306242
4254576
4303839
4285895
4276047
4297150
4255264
4241910
4310144
4264693
4293105
4236157
4266991
4253403
4277366
