87554
87332
87286
87660
87524
87234
87488
87432
87088
87304
87224
87510
87210
87498
87110
86792
87480
87020
87672
87528
87034
87372
87292
87450
87568
87036
87208
87590
87612
87346
87086
87506
86980
87576
87032
87356
87494
87080
87616
87722
87512
87514
87528
87198
87554
87442
87558
87446
87372
87576
87076
87184
87306
87096
87176
87558
87488
87528
87148
87104
87436
87294
87370
87362
87726
87056
87474
86976
87724
87438
87136
87454
87642
87476
87652
87310
87530
87432
87316
87426
87196
87322
87348
87206
87026
87382
87140
86998
87586
87158
87476
87418
86924
87366
87192
87274
87408
87540
87094
87578
87438
87344
87354
87186
87422
87492
87072
87556
87172
87384
87350
87606
87444
87286
87568
87450
87374
87464
87320
87492
87298
87296
87680
87288
87536
87080
87422
87488
87294
87448
87610
87072
87518
87348
87172
87072
87278
87040
87186
87458
87480
87164
87128
87474
87242
87658
87296
86986
87420
87262
87360
87336
87480
87026
87542
87216
87374
87526
87418
87304
87554
87496
87500
87124
87574
87350
87428
87480
87392
87216
87388
87634
87514
87518
87002
87638
87270
87052
87284
87354
87400
87106
87302
87734
87512
87298
87078
86958
87498
87168
87466
87472
87420
87492
87334
87472
87540
87236
87380
87666
87374
87650
87442
87652
87548
87180
87496
87300
87668
87444
87428
87172
87558
87282
87658
87614
87378
87468
87522
87532
87058
87558
87382
87646
87286
87658
87444
87454
87202
87594
87222
87504
87694
87446
87106
87492
87062
87600
87268
86950
87550
87548
87320
87298
87508
87544
87494
87500
87712
87042
87540
87392
87058
87586
87584
87626
87704
87568
87386
87240
87470
87700
87512
87242
87094
87522
87380
87100
87410
87068
87612
87356
87528
87154
87212
87164
87508
87294
87288
87612
87104
87156
87442
87364
87550
87262
87198
87264
87204
87012
87600
87262
87226
87110
87324
87554
87488
87096
87548
87528
87282
87160
87126
87380
87306
87582
87468
87564
87372
87280
87538
87436
87304
87652
87558
87572
87366
87630
87284
87160
87634
87396
87316
86906
87508
87156
87272
87196
87264
87510
87192
87184
87326
87648
87152
87584
87514
87644
87408
87056
87266
87394
87640
87732
87598
87280
87514
87168
87154
87416
87532
87272
87428
87558
87194
87326
87056
87364
87648
87356
87400
87400
87478
87502
87344
87444
87542
87374
87444
87272
87374
87420
87634
87456
87400
87220
87394
87616
87054
87572
87064
87444
87720
87068
87490
87398
87542
87034
87276
87268
87092
87084
87546
87144
87242
87056
87606
87548
87344
87062
87320
87482
87388
87210
87158
87320
87568
87066
87268
87370
87072
87590
87232
87136
87530
87070
87728
87672
87276
87282
87146
87540
87270
87036
87470
87468
87334
87282
87488
87480
87280
87480
87622
87512
87258
87518
87428
87218
87586
87254
87018
87170
87478
87386
87188
87554
87200
87610
87180
87272
87130
87502
87202
87642
87524
87420
87620
87130
87406
87350
87446
87578
87012
87344
87380
87424
87032
87232
87668
87528
87554
87326
87182
87300
87448
87312
87416
87366
87162
87556
87578
87158
87336
87490
87382
87266
87050
87548
87598
87444
87344
87548
87014
87370
87152
87310
87480
87412
87582
87162
