39716
39648
39718
39738
39698
39428
39610
39572
39764
39586
39780
39650
39656
39560
39622
39688
39674
39684
39526
39820
39634
39656
39834
39658
39756
39672
39682
39704
39738
39776
39806
39704
39840
39736
39662
39706
39742
39612
39590
39728
39738
39486
39822
39842
39622
39728
39812
39648
39554
39696
39638
39612
39516
39706
39772
39748
39690
39706
39476
39620
39840
39798
39714
39740
39780
39868
39668
39744
39654
39510
39772
39626
39600
39602
39722
39652
39730
39880
39634
39738
39774
39728
39718
39684
39608
39662
39632
39570
39842
39738
39598
39812
39696
39598
39842
39694
39804
39636
39646
39672
39840
39710
39740
39762
39738
39742
39694
39524
39580
39508
39890
39854
39690
39790
39730
39830
39904
39722
39802
39732
39496
39626
39656
39764
39616
39716
39526
39632
39740
39706
39774
39530
39868
39662
39786
39472
39758
39708
39626
39626
39858
39688
39762
39778
39818
39680
39796
39712
39582
39676
39726
39862
39784
39478
39742
39476
39542
39744
39802
39660
39682
39752
39758
39832
39550
39690
39510
39704
39748
39612
39740
39674
39792
39784
39662
39798
39630
39590
39660
39686
39578
39800
39604
39710
39784
39676
39670
39808
39648
39786
39716
39762
39704
39750
39672
39594
39696
39762
39848
39580
39574
39600
39720
39760
39810
39502
39814
39508
39556
39704
39514
39620
39556
39962
39738
39530
39682
39744
39648
39698
39756
39650
39730
39668
39696
39704
39826
39502
39514
39630
39796
39722
39768
39532
39744
39872
39796
39632
39826
39786
39890
39442
39662
39650
39712
39546
39590
39644
39722
39650
39746
39632
39830
39614
39622
39674
39790
39836
39804
39656
39662
39780
39722
39756
39678
39772
39536
39618
39660
39816
39722
39706
39834
39720
39670
39618
39722
39720
39754
39766
39684
39730
39604
39620
39606
39860
39630
39570
39668
39828
39812
39628
39648
39634
39608
39688
39622
39692
39692
39774
39686
39788
39652
39726
39830
39780
39686
39646
39530
39742
39742
39808
39480
39748
39654
39726
39824
39640
39668
39742
39662
39704
39728
39704
39634
39568
39766
39692
39514
39876
39582
39640
39754
39600
39930
39760
39812
39796
39536
39744
39718
39668
39714
39772
39646
39816
39496
39816
39802
39778
39758
39848
39608
39506
39728
39806
39782
39668
39630
39838
39834
39498
39618
39702
39738
39724
39564
39680
39478
39772
39658
39758
39670
39696
39624
39708
39732
39748
39754
39758
39818
39870
39568
39660
39812
39744
39756
39812
39776
39778
39572
39768
39572
39592
39726
39780
39652
39594
39798
39826
39726
39838
39812
39768
39644
39672
39650
39592
39734
39836
39562
39760
39672
39842
39654
39728
39686
39738
39764
39772
39842
39760
39858
39594
39636
39818
39814
39730
39688
39700
39758
39616
39772
39562
39866
39842
39756
39762
39628
39550
39608
39810
39598
39738
39792
39826
39682
39476
39776
39596
39728
39604
39758
39566
39602
39724
39704
39628
39746
39566
39794
39816
39678
39776
39794
39552
39668
39562
39534
39720
39700
39670
39768
39686
39674
39680
39614
39782
39748
39820
39738
39836
39732
39810
39790
39872
39760
39632
39710
39870
39810
39654
39636
39736
39648
39616
39628
39784
39688
39622
