63210
63212
63084
62940
63228
62726
63150
62826
62858
63152
63082
63014
63058
63010
62822
63140
62956
63254
63076
63114
62826
62958
62870
63018
63194
63138
63214
63246
63166
63050
63118
62908
63042
63044
63060
63192
63260
62846
62948
62840
62802
62894
62862
63188
63126
62858
63096
62744
63018
63282
62960
63066
63054
62960
63222
62844
62848
62990
63142
63074
63218
63172
62830
63106
62938
63228
63166
62888
62982
63132
63206
62846
63056
62860
63058
63006
63114
63032
62802
63236
62772
63042
62972
62796
63244
63150
63068
63180
63180
63164
63082
62852
63280
63136
62906
63210
63100
62890
62852
62874
63152
62832
62764
63074
62924
63156
63090
62970
63168
63108
63008
62916
62798
62892
62968
63000
63048
63202
63182
63214
63220
62826
62998
62942
63230
62888
62976
62760
62866
63096
62978
63188
62960
62842
63056
63138
63168
63022
63214
62874
63230
63134
62934
63220
62778
63238
63066
62928
63178
63098
63124
63070
63008
63026
63120
63238
62998
62850
62848
63206
62704
63216
63214
62722
63142
62952
63178
63056
63192
63032
63220
63156
63234
63296
62978
63148
63008
63126
63036
63264
62966
62938
63114
63168
62874
63046
63218
63138
63020
63282
63074
62878
62742
63150
62870
62968
63068
62976
63088
63180
63110
63028
63124
62866
63066
63044
63182
63106
63226
63228
63016
63238
63212
63062
63018
62882
62752
63240
63046
63164
62932
63190
62948
63218
62860
62716
63220
63214
63224
63124
63010
63018
62998
62944
63118
62952
63044
63144
63114
62620
63148
63220
63028
63156
63118
63022
62896
63016
63068
62850
62804
63110
63066
63100
63018
63010
63208
62786
63052
62882
62966
62956
63180
62898
63028
63070
62866
63274
62848
62838
63224
63134
62942
63106
63224
62966
63156
62992
62966
63310
63236
62762
63004
62942
63090
63168
63284
62808
63228
63092
63028
63170
62802
62826
63008
62954
62962
62946
63106
63214
62768
63028
63330
63194
63136
63220
62894
63120
63112
63096
62924
63046
62934
63004
62878
62984
63148
62866
63046
63260
63090
63142
63120
63296
62876
62932
63064
63020
63006
63176
63004
63056
63054
63184
63244
63016
63046
62978
63132
63104
63238
63058
63032
63146
62810
63202
63026
62816
62714
62856
63178
62994
62860
62868
62868
62912
62674
62772
62892
63000
62908
62922
63050
62788
63314
62776
63152
63228
62892
63038
62994
62898
62842
62932
62876
63014
63050
63188
63182
62896
62900
62996
62832
63104
62984
62980
63100
63054
63012
63218
62870
62958
62800
63200
62814
62966
63098
63128
63072
62974
63032
62720
62750
63148
62732
63208
63134
63116
63206
62998
62844
63008
63152
63198
62894
62794
62926
63166
63206
63174
63030
63042
62868
62748
63008
63216
63172
62940
63136
63094
63378
62680
62878
63210
63006
63088
62808
62972
62862
63098
63146
63160
62994
63072
62992
63118
63270
63114
62966
63172
63046
63070
63032
62902
62938
62904
63018
63140
63250
63046
63210
63150
63108
63150
62834
63050
63278
63216
63088
63084
63220
63050
63240
63016
62934
62866
63116
63156
63212
63010
62898
63138
62756
63024
62988
63132
63040
62950
63062
63244
63134
63200
62656
62862
62844
63150
62980
63126
63268
63186
