42856
43448
44852
44704
44272
42414
44298
43850
44816
43446
43310
44698
42790
44712
44594
44846
44656
42370
43298
44600
44786
43298
44436
42732
43388
44528
42340
44766
43570
44930
42716
44548
44806
44894
44626
44306
44348
44546
44462
44732
44742
44100
44554
44278
43884
43166
44708
44552
44492
44752
44746
44444
42006
44882
44248
43160
44424
44770
41608
44606
43372
44866
44506
44840
44916
43358
44690
44478
44608
44750
44342
43458
44782
44836
44450
44476
44450
44322
43854
42544
44604
42992
42942
42556
44800
44806
44876
44108
44480
42160
44294
43232
44784
42704
44702
44768
44044
44530
41480
41918
44450
44772
44704
42392
44774
44280
44296
44888
44804
44078
43142
44356
44766
43878
43916
43542
44112
44842
43410
44030
44810
42086
44800
42446
44736
42672
44836
44728
44778
44682
44360
44732
44390
44116
43134
44174
44524
43698
44036
44310
44374
44496
44712
44584
44446
42708
44116
44780
44772
42300
44774
43192
43404
43582
44754
44150
43896
42374
43698
41912
44248
44780
42000
43574
42100
43428
44682
44546
44706
43792
44642
44744
44734
44854
43686
42906
44848
44642
44342
43744
42860
44634
43574
44808
42890
43828
42674
44558
42548
44500
44676
44736
44636
43932
44760
44352
44304
44682
44802
43266
44624
42040
44538
44294
43750
44708
44866
44784
44704
43670
44814
44876
42228
44766
44766
44798
43604
44514
44456
43888
44238
44752
41182
44632
41978
44824
44824
44642
44748
44120
44128
44728
42372
44814
44718
43354
41948
43506
42264
44158
43466
43998
44004
44806
44420
44788
44430
44514
44864
44322
44808
44792
42110
44746
44068
44502
44332
44750
43020
44792
44570
44820
44808
42552
44840
44510
44444
44766
44538
43552
44818
43634
44514
42584
42594
44802
44506
44576
42618
44748
42658
44798
42978
42544
43874
44052
44622
44804
42930
42068
44836
44742
43610
44634
44820
44180
44834
43884
41870
44258
44248
44694
44002
44806
43292
44616
44916
44736
44800
44682
44544
44278
44428
44346
44906
43490
41700
41590
44904
43922
44682
44828
44768
43146
42724
44388
44758
42872
43392
44740
44640
44594
44268
44810
44606
42728
43134
43138
42532
44350
43642
42748
44642
44704
43320
44504
43474
44744
42356
44394
44642
44322
43016
44832
44720
44434
43838
44858
44248
44026
43874
41748
44702
44608
44754
43648
44582
44526
44076
44812
44836
44490
43966
44686
44614
44174
43374
44642
44734
42906
44840
42734
44510
43574
44442
44058
43832
44872
44860
44810
44862
44622
43758
44702
42360
44574
42220
43982
44024
44640
44718
44546
44678
44380
44336
43496
44852
43828
44710
44794
44886
42098
43354
44454
44628
43272
42968
43328
44324
43768
44748
44482
44284
42702
44528
42980
44878
44630
44732
44788
44700
43696
44618
43746
42102
44614
41926
44104
43916
44758
42488
42732
44844
43882
44786
44782
44614
43464
44392
44060
41388
43952
43394
44508
44756
44116
44794
43404
44532
43952
44462
44836
44328
43724
43722
42216
42396
42620
43986
44582
44848
44290
43772
44420
44882
44690
41786
44060
44520
44754
44686
44308
44720
43732
43872
44174
44690
44224
44668
44778
44000
44764
44652
44228
44642
44214
42280
42644
44022
44230
