17942
17832
17834
17854
17978
17818
17970
17788
17858
17858
17784
17860
17970
17868
17918
17904
17912
17828
17882
17790
17868
17878
17886
17952
17842
17844
17862
17822
17870
17948
17922
17972
17812
17948
17880
17816
17910
17892
17904
17966
17898
17824
17916
17852
17924
17828
17898
17772
17830
17928
17888
17836
17944
17892
17962
17932
17938
17932
17964
17862
17846
17864
17826
17942
17920
17820
17874
17838
17788
17884
17810
17866
17874
17860
17906
17876
17844
17926
17788
17998
17958
17932
17828
17890
17882
17880
17856
17874
17848
17844
17892
17816
17906
17842
17912
17862
17850
17902
17768
17792
17956
17904
17772
17934
17806
17870
17786
17816
17886
17922
17916
17658
17882
17938
17928
17864
17858
17830
17898
17844
17842
17898
17864
17862
17884
17864
17920
17902
17942
17806
17852
17906
17888
17912
17870
17884
17946
17868
17858
17880
17766
17850
17898
17688
17854
17930
17888
17910
17892
17926
17926
17896
17792
17912
17920
17796
17846
17752
17878
17878
17902
17908
17798
17834
17818
17852
17908
17876
17868
17918
17836
17786
17842
17788
17868
17926
17900
17746
17916
17870
17908
17748
17744
17816
17848
17784
17874
17810
17812
17890
17880
17814
17742
17830
17830
17858
17716
17820
17850
17762
17944
17946
17892
17798
17918
17876
17870
17910
17896
17886
17746
17852
17848
17870
17810
17780
17920
17916
17914
17778
17914
17918
17858
17926
17850
17800
17900
17828
17930
17848
17932
17860
17718
17816
17954
17868
17926
17878
17906
18018
17918
17962
17850
17858
17892
17852
17946
17802
17892
17968
17884
18002
17822
17912
17932
17942
17834
17892
17826
17900
17918
17990
17928
17850
17766
17946
17844
17912
17888
17812
17948
17834
17900
17846
17850
17938
17884
17840
17834
17770
17816
17986
18006
17908
17864
17908
17928
17954
17850
17790
17890
17946
17838
17788
17942
17860
17790
17864
17822
17830
17870
17996
17912
17898
17884
17842
17912
17876
17828
17834
17884
17766
17902
17994
17834
17782
17764
17966
17888
17878
17892
17798
17896
17860
17938
17762
17922
17962
17898
17846
17756
17888
17948
17836
17828
17882
17818
17860
17846
17944
17928
17804
17860
17916
17924
17872
17886
17902
17818
17918
17892
17848
17932
17906
17834
17960
17800
17878
17852
17862
17812
17836
17842
17898
17924
17884
17882
17896
17936
17872
17878
17776
17878
17960
17904
17938
17862
17842
17902
17850
17762
17910
17920
17828
17910
17926
17830
17910
17836
17718
17888
17800
17882
17730
17890
17890
17898
17838
17854
17850
17808
17824
17864
17780
17876
17838
17878
17876
17964
17882
17902
17964
17952
17946
17896
17920
17864
17906
17910
17876
17872
17936
17820
17806
17892
17758
17810
17894
17936
17890
17942
17974
17866
17840
17894
17952
17728
17902
17886
17890
17816
17946
17956
17858
17782
17846
17862
17888
17946
17912
17844
17862
17868
17858
17890
17932
17736
17874
17876
17850
17830
17948
17792
17864
17862
17998
17858
17918
17888
17854
17854
17738
17934
17874
17956
17910
17924
17850
17874
17804
17978
17908
17862
17902
17796
17876
17802
17910
17814
17918
17828
17756
17946
17872
17782
17924
17920
17742
17880
17846
