69900
71092
67618
67164
70580
70534
68640
69744
71084
71310
71268
69978
70626
69412
69044
70228
71112
69538
67482
70150
69214
69836
69472
69038
71282
71250
66152
70892
68602
70394
68148
67660
70626
70124
70844
66448
66900
69262
66740
69072
65980
70844
68496
67306
71274
67246
70572
71210
69492
70288
66576
71160
69388
69846
70122
69956
69180
67352
70876
71036
66156
68594
71054
71174
71072
70464
71080
71012
70816
70674
71224
66896
66956
68970
69726
66200
69090
71002
69794
71218
71202
70812
70884
71154
70912
70164
71052
70594
70310
70812
71118
71238
68910
71020
70822
69264
71078
71308
70616
71262
70218
70964
70130
70246
68132
69254
70412
71266
70898
69264
71122
68900
68956
71254
71082
70898
68142
68918
71050
70966
71300
66780
68514
71188
70552
70914
69484
69770
69376
68212
71200
71122
70542
71178
69300
68574
71270
71200
71046
68652
70450
71064
71250
71228
66254
69322
67370
67570
71028
67300
70840
66278
70802
66976
70264
71236
70302
70268
65924
69946
71050
70936
71300
71174
67784
71230
70922
71178
71182
66956
67284
68170
71334
70732
71286
66864
69138
68986
69508
69976
70632
69122
70418
70366
71152
70730
67950
70986
70740
71260
71318
71174
70972
71144
66996
70078
68118
69652
67998
68594
70116
71026
71030
68022
68804
71066
70680
69706
68540
70850
67838
66126
67396
67760
70064
70154
67828
69704
69896
71032
70470
68638
70826
69640
69890
69548
71174
66570
69324
68876
68068
68268
69068
70834
66740
71310
71182
70256
66652
65976
67492
71200
70546
70206
70738
70958
71270
69758
71196
71226
71284
69094
70428
69746
71188
71252
70822
71178
70016
70786
70990
66656
67710
65912
70812
71260
68674
67712
70786
71064
66060
70698
69684
70930
67554
69624
70620
70058
69092
69362
71114
71322
69032
70356
71248
69904
71078
70414
71070
71110
68392
70142
70170
66608
68836
70456
71188
71228
69390
67076
68580
70876
71072
66562
65974
69994
70098
66262
70030
70074
70508
71194
68582
71258
70874
71220
70176
68896
71318
71258
71228
70924
68126
71134
70416
70686
71014
69592
71208
71016
71298
70550
70220
68298
70800
69692
70356
68214
67964
66206
71068
70986
70958
71316
65860
71300
70848
70812
71108
68400
68698
71334
69542
67320
71164
71280
70570
71222
70280
70374
69044
71222
69024
71048
70810
71204
70714
67382
71274
70012
68446
71370
70044
69188
71106
71002
70816
69144
71242
69466
69902
70386
71248
71112
66758
71058
70880
68920
71216
67064
70424
71182
71146
67282
71226
71262
70672
69356
71086
65994
71134
69322
71162
71336
68596
71228
67658
70848
67152
69550
66124
70566
70916
71110
69370
70758
70574
70850
69092
70756
70146
70900
70540
70408
66436
71352
68162
70312
70746
70882
71190
68510
71272
67274
70822
67632
67188
71052
68902
70962
70722
70506
67014
67158
67066
66018
71152
71252
69510
71128
70824
71100
69168
69712
67850
70484
65880
67162
71242
69958
70372
69634
71150
70094
71026
68596
71402
70612
69578
70704
70140
69906
68662
68266
67234
70886
71110
71134
68078
71218
70492
67592
69656
69740
70932
68764
71178
71270
69060
70066
68158
70674
66288
70734
70166
69384
70672
68932
67958
70564
