97902
97342
95192
97506
95596
93922
94372
97108
97204
94424
94550
95512
91612
97768
94328
94900
97752
96272
90672
97478
97604
94834
96204
97752
94462
97430
94058
97668
97432
97762
94958
92182
97490
97024
95318
96602
97130
97376
97428
97648
97622
97732
96680
97622
97588
95646
95448
97038
97478
97998
97796
97340
97534
93678
91920
94992
95558
97296
97822
96086
95018
92190
93280
94554
97460
97110
92246
97456
92958
97976
94560
91104
97710
93144
93310
92008
97622
96778
94886
95070
97734
97718
95264
97822
95362
92516
93278
97788
97518
94542
97648
97658
97258
97734
95494
97688
96894
94712
96546
97204
95692
97542
94418
96304
97564
95108
94632
97534
94970
93868
97886
97636
94462
96876
94758
93516
97536
93750
95152
96140
97728
97984
91714
90324
97240
95942
93582
95110
97678
97302
97742
97728
96876
97510
92742
97864
96594
91880
97430
97624
97866
96072
92102
97814
97654
97606
96482
96526
97224
96914
93418
96280
96260
95190
97676
97686
97190
97602
97594
97682
96718
95910
92852
94146
96002
97882
95098
96484
97090
93314
97946
95820
94890
93722
97656
95188
91858
97496
97692
94612
97540
96328
97048
96686
94514
96778
94866
97692
97694
94402
90778
93412
97612
92736
92066
94022
97418
97718
96424
97832
94536
94514
97406
95914
96934
97774
97622
96812
97722
93860
97794
95144
90584
96282
94540
92758
97400
97228
97874
95528
94544
97518
94080
96966
97532
96666
97430
97378
97558
96586
93870
94248
90970
96774
92456
97632
95602
97572
97896
95246
97682
96914
96534
97424
97820
97896
91798
97252
97526
97616
93242
97280
95142
95232
95670
97104
93920
97176
92088
97492
97020
96184
97632
91140
97330
96330
97216
97644
97164
96654
94646
94828
97796
96364
97286
97530
96870
95156
97052
97202
96956
97384
97848
93162
95232
97318
97710
90268
95740
94822
94288
93594
96092
97156
94176
90524
97114
94950
97948
94612
93208
97826
96148
97352
95166
95720
96968
92708
95314
94770
91890
97890
97894
97846
97276
92262
95754
94174
97208
97468
91998
96334
97494
97492
94826
97342
91092
97704
97014
92878
97698
96278
96500
93746
97762
95434
95828
96858
92398
90638
97216
94142
94228
94404
91308
96044
96672
97812
91038
97872
97414
97032
95082
96950
94744
90790
93492
93882
96284
97070
96922
93440
96912
97772
92852
94800
95444
91052
97606
97392
94210
97136
96848
95934
97942
96296
97058
97612
97836
96478
96014
94204
92226
90616
92160
94744
97870
94160
96568
97892
97624
93528
96082
97496
95602
97830
97554
93160
94378
94516
97760
94308
96722
97580
97188
97586
97712
92968
93080
95274
96910
97576
94492
92818
97638
93580
96608
97476
97738
96074
96160
94814
97866
94944
95846
96892
93530
96972
94456
95870
94542
92828
91888
94718
97762
97916
97796
95224
92840
96594
94324
97086
96444
97394
97080
94026
97832
96708
94924
91034
91184
97710
95156
97280
96916
93992
92838
96382
97542
96708
95698
92400
97680
95326
97572
95524
94592
91462
92566
96908
93906
97590
92290
95146
94224
95912
93774
96688
94410
97418
92846
94830
94362
96136
97692
95668
95126
97512
96426
97744
97674
97122
94888
97632
97780
97540
95264
96674
92494
94658
