20346
20342
20282
19184
20076
20274
20038
20350
19948
20378
19756
20030
20256
19940
20314
20420
18992
19946
20224
20346
18974
20378
19866
20326
20256
20184
20346
20316
19992
19058
19564
19362
20392
19868
20354
19940
20192
18726
19966
20190
19620
19440
20348
20360
20188
20302
20274
19950
20272
20040
19456
20316
19646
20034
20214
20388
20374
20256
20176
19366
20026
20366
19996
20222
19922
20346
20124
20350
19958
20354
20294
18850
20254
20390
20386
20198
19788
20266
20354
19600
18914
20232
19920
20240
20182
19518
20196
19938
19434
19920
20326
19856
19982
18894
20126
20414
20072
19616
19396
20116
20296
20216
20356
19530
20018
18970
19332
20300
20324
20404
20394
20374
20352
20266
20256
20384
20324
20306
20322
19398
20226
19602
20326
19996
20082
19900
20274
19568
20008
19562
20260
19602
19768
20258
19100
20032
19558
20254
20394
19982
20098
20248
20380
19874
20346
19774
19510
20178
20258
19926
20258
20358
19168
19886
19832
20296
20284
20328
19522
19944
20346
20280
20036
20250
20366
19724
20204
19476
20238
20112
19080
20086
20366
19950
19402
20302
20346
19470
20180
20106
20334
19796
20088
20206
20068
19944
20380
19994
19484
19672
19614
20370
20002
20276
20258
20304
19348
19892
20140
20360
20278
19112
20232
20430
19726
18940
20408
20200
20054
19328
20158
18932
20306
20298
20372
20076
20236
20238
20248
19872
20328
20144
20296
20392
20264
19566
19706
20172
19590
20230
20346
20182
20290
19484
20334
20362
19570
20236
20062
19456
19734
19524
20238
20388
20108
20392
20102
20430
20400
20316
20082
20320
20358
20168
20384
20318
20306
19604
20118
20218
19930
20048
19762
20244
19530
20058
20296
19782
20032
20276
18892
19480
20226
19582
20300
20334
20370
20324
20184
20330
19320
20390
20248
20384
20320
20346
20096
20110
20140
20024
19676
19748
20362
19592
19834
20200
20328
20320
20344
19456
19968
20216
19954
20200
20436
20302
19940
19452
19830
20072
19492
20368
20366
20322
20102
20304
19878
20384
19504
20358
19578
20222
20362
19394
20132
19630
18968
20412
20326
20226
20288
19784
19790
19510
20356
19898
20376
20260
20338
20268
19590
19760
20352
19770
20114
20034
20034
19332
20018
20336
20320
18972
19992
19816
19782
19258
20096
20364
19422
20326
20376
20360
20250
20378
18822
20036
20236
20350
19894
19698
19934
20322
20286
19736
19024
19132
20198
20400
20044
20092
20290
20270
20324
20082
20270
20076
20100
19462
19892
20418
20228
20270
20368
19918
19368
20162
19168
20354
18862
20366
20258
20166
20268
20298
20426
20302
19916
20254
19548
20394
19926
20046
20106
20366
20248
20112
19266
20346
19834
20312
20392
19330
20334
20314
20346
20310
20240
20338
19864
20112
19976
20062
20356
20360
19924
20272
20348
19704
20390
19824
18932
20362
19584
20376
19964
20306
19204
19670
20352
19238
20262
20356
20284
20028
20330
20104
20064
20134
20166
20142
20032
20256
20296
19946
19098
20138
18986
19868
20334
20330
20226
19866
19736
20014
20332
20214
20366
19780
20330
20166
19374
19482
20308
19920
20354
20142
19542
20390
20272
20240
20100
20044
20192
19520
20338
19670
20316
20382
20222
19718
