67156
67270
67248
67148
67182
67112
67052
67294
67178
67230
67196
67158
67118
67070
67142
67150
67204
67172
67110
67028
67122
67356
67182
67064
67116
67174
67072
67146
67124
67026
67222
67154
67018
67014
67130
66998
67146
67136
67168
67120
67200
67160
67042
66972
67136
67098
67112
67148
67204
67180
67210
67234
67200
66988
67086
67076
67112
67114
67104
67006
67272
67066
67092
67072
67142
67288
67100
67122
67142
67046
67186
67150
67220
67188
67066
67224
67026
67298
67146
67288
67278
67256
67072
67082
66934
67092
67174
67108
67236
67244
67082
67168
67166
67366
67288
67114
67160
67276
67074
67096
67176
67048
67154
67180
67238
67170
67128
67180
67066
67216
67254
67176
67160
67252
67074
67038
67252
67124
67104
67284
67146
67272
67214
67192
67254
67186
67490
67052
67128
67006
67108
67166
67122
67190
67130
67164
67116
67170
67128
67394
67248
67192
67200
67282
67164
67044
67224
67248
67168
67278
67146
67296
67072
67048
67290
67266
67124
67122
67228
67288
67238
67182
67164
67146
67220
67130
67228
67224
67050
67184
67118
67112
67150
67242
67074
67148
67032
67110
67210
67170
67044
67064
67104
67184
67124
67122
67086
67202
67108
67138
67216
67228
66972
67166
67108
67158
67200
67178
67254
67076
67262
67222
67068
67270
67112
67154
67064
67100
67254
67220
67126
67238
67090
67168
67036
67162
67124
67062
67066
67150
67112
67108
67134
67058
67048
67314
67148
67154
67074
67260
67206
67146
67138
67172
67172
67290
67138
67088
67168
67078
67156
67176
67070
67170
67118
67290
67170
67180
67156
67238
67030
67094
67200
67096
67132
67104
67116
67108
67156
67194
66998
67200
67138
67090
67122
67016
67100
67112
67190
67014
67166
67016
67106
67222
67124
67140
67274
67026
67218
67138
67176
67260
67184
67092
67076
67120
67192
67200
67148
67292
67080
67230
67138
67178
67062
67170
67216
67204
67012
67158
67124
67288
67272
67160
67212
67118
67146
67040
67068
67136
67106
67284
67282
67148
67328
67174
67148
67168
67234
67078
67210
67154
67164
67118
67126
67094
67124
67018
67220
67098
67360
67254
67102
67082
67218
67110
67142
67134
67184
67048
67192
67158
67130
67308
67094
67132
67248
67198
67120
67036
67178
67320
67062
67180
67102
67254
67168
67202
67118
67290
67120
67382
67212
67264
67004
67182
67204
67186
67244
67262
66912
67172
67234
67122
67082
67148
67186
67330
67130
67242
67212
67182
67398
67042
67184
67178
67128
67056
67080
67152
67314
67176
67092
67224
67242
67268
67116
67118
67248
67176
67174
67144
67194
67082
67074
67200
67200
67166
67228
67164
67046
67330
67096
67274
67322
67056
67198
66998
67222
67278
67200
67200
67038
67260
67146
67226
67046
67162
67218
67042
67226
67238
67156
67090
67124
67140
67226
67106
67184
67150
67186
67048
67094
67142
67216
67242
67022
67114
67152
67158
67176
67260
67122
67300
67184
67098
67110
67004
67088
67068
67170
67120
67142
67188
67156
67250
67008
67178
67050
67178
67300
67072
67120
67182
67134
67134
67260
67082
67094
67186
67242
67040
67140
67030
67048
67198
67170
67166
67232
67168
67128
67072
67136
67186
67118
67064
67156
67144
67162
67030
