62478
62478
62478
62486
62494
62470
62514
62482
62484
62468
62510
62486
62504
62484
62498
62462
62464
62486
62498
62464
62460
62500
62508
62486
62464
62488
62476
62486
62488
62484
62456
62500
62540
62518
62480
62480
62464
62470
62500
62480
62518
62498
62486
62440
62474
62474
62450
62494
62514
62494
62478
62526
62522
62496
62496
62472
62478
62506
62516
62492
62512
62488
62486
62514
62500
62474
62458
62480
62502
62488
62496
62516
62514
62482
62494
62466
62500
62484
62492
62488
62504
62496
62482
62508
62476
62486
62500
62492
62442
62494
62470
62480
62498
62532
62510
62498
62496
62510
62486
62506
62492
62494
62508
62480
62450
62478
62470
62422
62488
62518
62512
62468
62500
62476
62532
62520
62492
62500
62438
62518
62498
62492
62512
62516
62480
62458
62480
62500
62518
62498
62510
62506
62480
62466
62480
62508
62438
62486
62492
62464
62476
62466
62502
62474
62456
62496
62480
62494
62528
62500
62498
62496
62520
62524
62508
62480
62486
62546
62472
62516
62490
62464
62458
62502
62488
62462
62468
62496
62514
62486
62466
62446
62478
62468
62506
62508
62508
62500
62450
62516
62504
62520
62502
62506
62518
62510
62520
62468
62474
62492
62504
62488
62494
62488
62490
62484
62498
62494
62512
62486
62472
62482
62472
62492
62514
62506
62466
62496
62512
62466
62528
62522
62516
62504
62496
62512
62458
62498
62504
62504
62472
62500
62484
62488
62456
62480
62510
62478
62476
62492
62470
62486
62458
62488
62474
62500
62488
62462
62510
62486
62498
62476
62508
62488
62522
62516
62472
62466
62494
62462
62472
62506
62484
62504
62472
62462
62470
62486
62492
62466
62494
62476
62474
62480
62494
62470
62460
62472
62508
62506
62508
62476
62486
62486
62508
62498
62500
62492
62472
62472
62526
62476
62484
62480
62488
62476
62474
62456
62500
62482
62480
62502
62484
62520
62512
62502
62480
62502
62420
62482
62506
62498
62518
62490
62464
62470
62470
62510
62498
62522
62440
62476
62478
62500
62492
62512
62504
62474
62480
62520
62478
62506
62510
62494
62494
62480
62492
62514
62486
62466
62480
62494
62488
62478
62504
62484
62470
62466
62496
62458
62484
62518
62468
62476
62454
62496
62526
62490
62502
62480
62494
62500
62492
62512
62498
62482
62512
62466
62518
62474
62498
62482
62494
62448
62482
62482
62506
62490
62488
62514
62496
62474
62470
62480
62438
62494
62496
62462
62496
62520
62480
62466
62498
62492
62502
62492
62472
62492
62484
62482
62496
62476
62478
62488
62488
62494
62492
62482
62514
62474
62488
62510
62504
62506
62502
62476
62496
62510
62522
62500
62478
62456
62498
62440
62488
62506
62464
62472
62490
62450
62512
62478
62514
62486
62504
62482
62484
62454
62474
62462
62482
62486
62468
62490
62476
62458
62504
62480
62482
62508
62458
62472
62450
62482
62490
62456
62482
62514
62494
62512
62468
62500
62502
62482
62470
62486
62472
62458
62494
62478
62458
62494
62526
62510
62476
62488
62488
62470
62512
62474
62472
62562
62466
62480
62522
62488
62492
62486
62500
62494
62494
62466
62488
62458
62498
62490
62502
62446
62482
62486
62508
62492
62482
62460
62484
62518
62500
62490
62472
62498
