86834
86820
86806
86816
86838
86862
86860
86862
86850
86842
86860
86794
86840
86880
86856
86854
86818
86870
86814
86818
86840
86816
86846
86784
86856
86806
86816
86838
86834
86816
86862
86822
86854
86862
86868
86822
86786
86830
86820
86866
86856
86810
86854
86836
86836
86830
86838
86818
86828
86798
86848
86854
86826
86878
86850
86838
86820
86836
86838
86874
86838
86828
86868
86890
86868
86860
86812
86832
86842
86830
86804
86814
86850
86802
86850
86860
86806
86868
86828
86874
86808
86856
86814
86820
86836
86826
86840
86834
86858
86852
86864
86864
86808
86840
86834
86808
86824
86826
86818
86878
86848
86826
86840
86882
86854
86854
86854
86842
86776
86782
86840
86828
86804
86802
86858
86822
86876
86808
86852
86826
86802
86806
86848
86858
86842
86858
86856
86828
86822
86796
86840
86818
86828
86822
86832
86820
86844
86858
86794
86852
86828
86804
86836
86802
86866
86848
86814
86804
86826
86814
86850
86860
86840
86794
86830
86780
86798
86830
86840
86834
86884
86832
86808
86796
86822
86822
86852
86826
86846
86794
86804
86828
86810
86854
86822
86828
86874
86876
86842
86832
86812
86794
86842
86868
86830
86830
86902
86836
86828
86766
86816
86838
86824
86840
86824
86822
86818
86894
86842
86820
86822
86852
86848
86850
86832
86814
86822
86842
86800
86878
86866
86862
86812
86820
86850
86868
86816
86826
86826
86834
86824
86842
86850
86844
86866
86888
86818
86834
86866
86854
86834
86826
86842
86902
86852
86850
86824
86852
86848
86834
86830
86882
86830
86822
86852
86842
86832
86846
86836
86868
86808
86778
86808
86812
86804
86812
86868
86836
86782
86832
86806
86826
86824
86840
86872
86818
86826
86848
86816
86832
86850
86868
86800
86822
86806
86814
86834
86848
86836
86858
86848
86838
86814
86868
86834
86834
86826
86854
86822
86818
86856
86828
86836
86824
86834
86822
86840
86870
86886
86858
86870
86890
86804
86822
86870
86806
86864
86788
86852
86792
86850
86800
86864
86866
86830
86818
86830
86872
86854
86866
86848
86830
86830
86806
86844
86852
86888
86870
86778
86834
86842
86878
86848
86828
86846
86828
86852
86836
86832
86840
86832
86866
86802
86810
86866
86828
86836
86802
86856
86844
86862
86870
86826
86852
86830
86816
86844
86778
86840
86832
86852
86856
86850
86854
86836
86868
86822
86844
86836
86822
86832
86838
86822
86834
86864
86796
86818
86846
86820
86814
86836
86844
86828
86854
86816
86852
86806
86844
86826
86836
86814
86844
86842
86826
86840
86814
86834
86812
86808
86820
86810
86834
86908
86828
86854
86814
86808
86796
86776
86816
86798
86828
86834
86830
86850
86840
86870
86828
86854
86852
86866
86802
86856
86858
86848
86838
86834
86848
86844
86846
86816
86892
86836
86846
86802
86824
86832
86812
86796
86858
86856
86848
86842
86802
86812
86768
86864
86830
86862
86818
86798
86872
86836
86858
86826
86854
86834
86808
86840
86798
86832
86848
86818
86800
86848
86832
86834
86826
86794
86840
86820
86836
86886
86818
86806
86842
86784
86808
86852
86798
86876
86798
86844
86814
86832
86838
86810
86846
86812
86820
86820
86836
86820
86828
86844
86832
86810
86868
86804
86830
