92842
92636
92590
92556
92684
92586
92774
92706
92758
92638
92598
92660
92458
92584
92628
92722
92686
92654
92542
92560
92572
92610
92794
92622
92680
92576
92642
92660
92510
92756
92438
92594
92610
92738
92682
92466
92608
92734
92672
92630
92632
92786
92602
92788
92432
92646
92596
92554
92644
92782
92608
92766
92594
92520
92570
92764
92636
92592
92568
92660
92778
92608
92572
92666
92646
92688
92756
92514
92640
92646
92782
92602
92688
92552
92524
92626
92604
92624
92638
92708
92578
92600
92592
92776
92660
92776
92650
92588
92638
92458
92676
92654
92618
92564
92494
92446
92546
92610
92698
92546
92458
92510
92608
92800
92572
92594
92722
92544
92518
92626
92620
92794
92600
92752
92800
92440
92706
92486
92840
92630
92692
92708
92532
92564
92664
92496
92580
92560
92756
92586
92492
92644
92748
92648
92678
92634
92376
92588
92696
92608
92668
92588
92602
92742
92666
92688
92582
92700
92718
92560
92546
92472
92636
92576
92590
92568
92650
92644
92816
92704
92490
92722
92630
92750
92840
92582
92904
92596
92498
92480
92560
92564
92608
92688
92528
92574
92586
92580
92624
92738
92596
92654
92540
92522
92436
92744
92720
92628
92782
92600
92588
92680
92872
92724
92588
92522
92806
92516
92670
92772
92708
92502
92600
92578
92694
92558
92436
92486
92706
92498
92688
92754
92570
92654
92708
92656
92608
92684
92756
92748
92388
92576
92666
92526
92594
92608
92606
92536
92860
92636
92628
92754
92722
92444
92618
92550
92442
92646
92510
92694
92618
92692
92674
92636
92710
92626
92686
92686
92856
92670
92496
92754
92828
92660
92624
92612
92662
92482
92818
92736
92626
92536
92564
92676
92568
92718
92512
92612
92602
92730
92656
92654
92586
92802
92616
92572
92806
92622
92544
92644
92908
92642
92654
92628
92754
92742
92652
92686
92622
92824
92632
92576
92716
92612
92556
92672
92730
92650
92880
92534
92516
92702
92646
92530
92628
92568
92572
92572
92554
92558
92696
92542
92518
92650
92824
92538
92604
92566
92586
92542
92538
92450
92774
92474
92638
92632
92602
92488
92612
92742
92588
92722
92614
92978
92642
92614
92566
92740
92672
92564
92560
92528
92548
92782
92594
92600
92672
92644
92528
92546
92440
92552
92726
92568
92628
92674
92678
92626
92750
92688
92610
92540
92592
92706
92436
92696
92684
92486
92616
92428
92630
92526
92718
92758
92638
92576
92586
92700
92786
92698
92672
92658
92612
92668
92606
92736
92656
92742
92694
92750
92700
92696
92650
92688
92650
92474
92516
92686
92776
92632
92686
92722
92580
92804
92662
92696
92516
92790
92608
92536
92696
92486
92538
92750
92698
92694
92678
92616
92658
92476
92592
92654
92650
92748
92710
92658
92736
92670
92492
92586
92588
92806
92684
92514
92620
92678
92474
92806
92638
92598
92534
92518
92780
92632
92584
92544
92520
92848
92758
92672
92506
92718
92592
92668
92630
92646
92574
92494
92848
92516
92706
92536
92634
92662
92604
92682
92482
92642
92568
92598
92558
92828
92622
92830
92704
92810
92942
92608
92762
92680
92518
92572
92644
92624
92688
92778
92594
92488
92718
92712
92718
92528
92650
92700
92648
92652
92542
92634
92692
92466
