42312
42422
42410
42410
42266
42312
42330
42222
42302
42352
42454
42362
42214
42270
42368
42260
42412
42224
42346
42320
42338
42452
42346
42378
42306
42254
42264
42136
42358
42346
42250
42350
42238
42292
42376
42266
42300
42356
42410
42418
42386
42332
42202
42374
42370
42376
42334
42290
42162
42240
42334
42160
42326
42322
42346
42272
42310
42244
42144
42178
42332
42260
42340
42360
42408
42352
42318
42284
42318
42272
42278
42428
42352
42380
42390
42260
42328
42186
42280
42340
42336
42150
42444
42308
42468
42336
42390
42330
42296
42192
42434
42308
42326
42360
42402
42346
42384
42386
42328
42206
42206
42250
42336
42386
42348
42356
42300
42204
42268
42218
42310
42214
42356
42330
42376
42462
42368
42224
42596
42246
42286
42258
42216
42274
42346
42408
42236
42308
42240
42226
42324
42286
42260
42300
42312
42254
42302
42308
42364
42358
42364
42192
42172
42190
42334
42266
42224
42152
42234
42194
42300
42456
42300
42340
42362
42352
42344
42200
42156
42438
42388
42420
42294
42372
42230
42394
42342
42292
42346
42422
42400
42236
42238
42328
42300
42174
42330
42190
42320
42230
42332
42216
42284
42322
42276
42422
42214
42348
42458
42308
42396
42342
42282
42308
42372
42290
42230
42432
42240
42324
42320
42372
42204
42392
42386
42266
42316
42268
42384
42282
42392
42296
42312
42378
42274
42284
42386
42226
42420
42378
42302
42282
42360
42310
42410
42348
42326
42356
42276
42482
42410
42322
42240
42312
42298
42234
42384
42256
42350
42206
42356
42362
42360
42398
42286
42242
42280
42458
42222
42332
42240
42384
42334
42322
42386
42326
42286
42334
42338
42358
42352
42368
42268
42386
42282
42366
42278
42342
42450
42388
42348
42380
42314
42382
42292
42394
42430
42306
42344
42190
42274
42256
42348
42260
42328
42346
42312
42368
42336
42342
42350
42300
42348
42258
42302
42266
42336
42354
42354
42332
42292
42330
42294
42464
42292
42356
42378
42436
42400
42342
42326
42248
42288
42264
42220
42394
42360
42282
42224
42314
42410
42262
42350
42324
42270
42354
42420
42228
42246
42354
42372
42270
42384
42206
42342
42292
42392
42350
42330
42292
42294
42352
42306
42406
42284
42288
42252
42352
42436
42274
42298
42262
42216
42354
42296
42354
42374
42314
42374
42348
42316
42404
42492
42278
42284
42366
42146
42352
42268
42184
42210
42460
42460
42384
42334
42352
42398
42354
42354
42390
42432
42350
42308
42414
42264
42300
42368
42390
42240
42386
42464
42376
42268
42308
42426
42324
42256
42120
42346
42306
42376
42320
42376
42346
42294
42336
42370
42378
42362
42296
42292
42404
42218
42272
42346
42332
42400
42380
42322
42382
42286
42290
42276
42454
42400
42338
42246
42378
42256
42192
42394
42252
42444
42290
42352
42262
42186
42326
42356
42104
42406
42282
42328
42346
42380
42226
42328
42344
42292
42370
42390
42328
42362
42426
42238
42328
42308
42362
42310
42444
42390
42232
42276
42332
42376
42282
42290
42270
42336
42414
42352
42312
42366
42264
42428
42182
42266
42402
42350
42366
42324
42372
42318
42298
42178
42462
42272
42326
42350
42442
42304
42342
42344
42286
42346
42324
42394
42334
42382
42384
