19040
19230
19130
19130
19068
19118
19142
19230
19142
19128
19218
19178
19138
19146
19152
19184
19142
19174
19240
19112
19110
19180
19152
19104
19152
19214
19162
19130
19142
19156
19168
19126
19154
19210
19154
19180
19144
19178
19152
19222
19200
19162
19224
19148
19156
19158
19178
19218
19192
19108
19220
19246
19178
19140
19160
19150
19240
19140
19208
19158
19220
19190
19126
19184
19206
19172
19218
19260
19230
19148
19168
19132
19194
19234
19156
19232
19146
19210
19168
19202
19252
19196
19196
19130
19270
19264
19192
19186
19240
19178
19184
19244
19116
19222
19254
19170
19156
19098
19162
19208
19168
19238
19160
19196
19216
19160
19226
19164
19120
19184
19102
19142
19142
19056
19198
19140
19120
19162
19204
19150
19172
19228
19178
19178
19176
19154
19090
19110
19164
19266
19138
19218
19190
19196
19178
19212
19190
19120
19234
19104
19146
19060
19164
19192
19140
19158
19104
19216
19178
19190
19116
19188
19154
19170
19126
19116
19096
19142
19180
19188
19204
19102
19212
19138
19204
19206
19212
19154
19184
19210
19086
19164
19090
19202
19148
19130
19112
19096
19164
19128
19094
19214
19146
19222
19124
19138
19180
19056
19196
19192
19164
19184
19064
19234
19212
19104
19078
19198
19120
19100
19208
19278
19190
19168
19124
19188
19076
19106
19094
19204
19188
19150
19198
19212
19226
19148
19164
19210
19116
19254
19098
19180
19210
19220
19230
19152
19226
19204
19206
19208
19128
19156
19124
19170
19226
19102
19076
19132
19214
19108
19116
19174
19146
19108
19064
19196
19200
19242
19164
19226
19152
19170
19154
19110
19128
19176
19030
19198
19114
19218
19142
19252
19184
19198
19204
19172
19118
19118
19272
19262
19238
19090
19192
19206
19052
19192
19168
19198
19238
19152
19160
19130
19188
19160
19178
19172
19174
19188
19122
19204
19114
19120
19166
19204
19168
19202
19130
19202
19132
19230
19176
19082
19148
19236
19166
19170
19124
19168
19118
19106
19132
19086
19140
19182
19108
19104
19078
19174
19166
19080
18990
19096
19176
19128
19196
19236
19188
19166
19168
19196
19212
19206
19158
19098
19180
19214
19184
19166
19216
19234
19178
19116
19076
19182
19204
19192
19090
19190
19128
19106
19136
19202
19236
19214
19128
19142
19164
19122
19164
19116
19202
19264
19140
19126
19264
19234
19234
19210
19128
19244
19186
19196
19222
19172
19108
19090
19158
19144
19092
19236
19120
19192
19228
19172
19178
19150
19184
19286
19182
19128
19192
19138
19204
19186
19278
19148
19096
19146
19242
19168
19208
19140
19174
19196
19134
19200
19142
19158
19230
19202
19148
19092
19168
19142
19216
19158
19222
19110
19236
19196
19136
19142
19214
19182
19232
19146
19216
19192
19200
19172
19102
19176
19262
19176
19134
19252
19186
19222
19190
19166
19190
19206
19204
19092
19214
19130
19154
19122
19202
19210
19168
19112
19124
19178
19116
19156
19108
19192
19140
19148
19196
19178
19252
19236
19164
19106
19150
19194
19266
19276
19080
19280
19198
19164
19102
19210
19120
19072
19170
19184
19146
19212
19190
19106
19156
19070
19072
19148
19104
19108
19216
19176
19290
19154
19210
19166
19090
19152
19202
19140
