39438
39440
39434
39428
39434
39424
39402
39394
39436
39440
39430
39434
39402
39430
39438
39436
39448
39406
39426
39440
39410
39426
39412
39426
39430
39436
39446
39442
39470
39424
39426
39472
39426
39452
39438
39426
39448
39430
39428
39416
39408
39422
39466
39452
39430
39422
39396
39420
39428
39432
39434
39422
39422
39462
39426
39450
39424
39430
39424
39446
39438
39416
39424
39416
39436
39440
39404
39430
39438
39442
39434
39454
39446
39434
39432
39434
39452
39468
39448
39428
39412
39442
39388
39456
39430
39432
39404
39400
39440
39436
39460
39440
39434
39422
39448
39440
39454
39466
39458
39434
39440
39420
39430
39440
39418
39416
39444
39432
39384
39446
39426
39422
39410
39446
39442
39420
39446
39442
39456
39436
39464
39452
39424
39444
39448
39442
39410
39418
39438
39460
39412
39400
39464
39464
39428
39456
39418
39434
39426
39442
39418
39446
39410
39436
39394
39440
39418
39446
39402
39426
39424
39442
39460
39432
39462
39438
39464
39436
39412
39408
39422
39436
39438
39428
39436
39396
39432
39416
39430
39422
39450
39426
39424
39468
39436
39416
39432
39430
39420
39426
39422
39422
39436
39434
39414
39426
39450
39440
39444
39432
39458
39412
39408
39452
39410
39404
39404
39424
39444
39428
39462
39446
39420
39444
39410
39410
39424
39374
39414
39432
39436
39442
39442
39416
39448
39432
39424
39430
39472
39388
39422
39440
39434
39436
39422
39420
39418
39446
39438
39420
39408
39430
39450
39418
39414
39438
39392
39412
39400
39438
39436
39434
39426
39408
39426
39428
39430
39464
39446
39416
39426
39414
39430
39402
39428
39436
39430
39434
39456
39420
39406
39434
39422
39430
39412
39462
39422
39424
39422
39450
39438
39430
39464
39402
39416
39450
39418
39414
39416
39436
39418
39414
39454
39432
39424
39400
39406
39414
39440
39430
39416
39430
39446
39414
39432
39448
39408
39416
39398
39426
39424
39408
39392
39394
39412
39464
39432
39436
39452
39460
39420
39430
39448
39408
39420
39414
39436
39460
39438
39424
39462
39400
39426
39454
39420
39420
39466
39426
39418
39442
39448
39472
39432
39424
39462
39426
39438
39438
39408
39436
39440
39468
39432
39430
39448
39442
39454
39418
39414
39418
39460
39442
39402
39444
39412
39410
39418
39448
39428
39424
39446
39448
39446
39446
39406
39474
39424
39446
39454
39464
39436
39430
39404
39432
39434
39450
39438
39450
39408
39454
39430
39434
39434
39420
39438
39438
39432
39462
39412
39426
39404
39414
39432
39432
39436
39410
39424
39424
39432
39408
39486
39438
39438
39452
39432
39398
39448
39422
39446
39430
39442
39440
39434
39442
39430
39442
39414
39434
39426
39444
39444
39436
39418
39430
39434
39400
39456
39432
39450
39418
39430
39420
39418
39424
39452
39426
39410
39414
39450
39430
39426
39428
39426
39432
39456
39436
39432
39440
39392
39456
39450
39426
39418
39434
39444
39418
39436
39440
39422
39438
39432
39436
39444
39438
39428
39448
39432
39452
39410
39394
39434
39440
39450
39440
39444
39434
39432
39406
39454
39418
39420
39452
39432
39446
39460
39456
39438
39438
39424
39440
39448
39440
39444
39432
39444
39412
39454
39400
39452
39438
