17628
17634
17640
17638
17634
17622
17666
17636
17648
17644
17640
17616
17644
17656
17638
17622
17636
17602
17640
17636
17644
17640
17628
17640
17646
17642
17626
17640
17634
17634
17638
17630
17616
17624
17646
17630
17654
17620
17634
17630
17640
17640
17662
17636
17646
17628
17622
17632
17664
17640
17622
17644
17642
17646
17638
17624
17634
17630
17640
17626
17628
17648
17626
17636
17632
17628
17634
17646
17644
17650
17640
17608
17626
17634
17632
17616
17630
17638
17634
17632
17622
17628
17646
17650
17638
17628
17620
17644
17652
17634
17646
17626
17628
17648
17634
17632
17632
17636
17654
17628
17638
17662
17636
17632
17636
17624
17628
17640
17618
17618
17638
17616
17642
17640
17618
17652
17628
17638
17618
17658
17646
17650
17654
17634
17622
17646
17638
17642
17644
17634
17634
17630
17614
17628
17634
17644
17646
17628
17654
17652
17652
17626
17614
17602
17646
17642
17634
17636
17640
17642
17646
17632
17634
17648
17618
17624
17620
17638
17642
17610
17662
17646
17636
17640
17618
17636
17622
17618
17642
17630
17636
17640
17630
17622
17628
17626
17640
17638
17636
17618
17638
17640
17644
17636
17640
17618
17626
17610
17636
17630
17634
17650
17624
17652
17638
17644
17626
17658
17642
17640
17624
17632
17628
17614
17626
17632
17642
17640
17636
17648
17618
17622
17626
17632
17632
17646
17642
17630
17618
17646
17636
17632
17642
17650
17642
17630
17656
17634
17652
17628
17662
17642
17630
17638
17636
17622
17638
17622
17618
17630
17630
17634
17646
17636
17632
17626
17636
17626
17654
17622
17638
17622
17622
17634
17650
17644
17642
17620
17630
17630
17644
17624
17636
17630
17634
17650
17620
17658
17622
17632
17624
17652
17628
17612
17620
17652
17646
17644
17626
17630
17636
17610
17636
17644
17652
17634
17628
17630
17640
17634
17652
17650
17630
17634
17628
17644
17638
17634
17628
17616
17628
17636
17632
17620
17640
17592
17646
17640
17648
17614
17650
17606
17644
17642
17634
17624
17634
17632
17646
17634
17630
17634
17648
17628
17660
17654
17640
17634
17644
17652
17638
17622
17636
17630
17662
17644
17636
17638
17630
17648
17622
17634
17644
17624
17632
17642
17630
17638
17642
17640
17642
17648
17642
17640
17642
17626
17644
17626
17638
17644
17612
17624
17638
17646
17630
17632
17622
17642
17640
17642
17626
17642
17644
17650
17620
17636
17624
17638
17632
17626
17622
17640
17618
17640
17632
17642
17640
17650
17616
17638
17624
17640
17624
17634
17632
17640
17634
17648
17638
17638
17626
17644
17636
17648
17646
17612
17636
17634
17634
17626
17636
17608
17638
17620
17630
17634
17638
17632
17614
17644
17628
17628
17650
17646
17638
17644
17640
17640
17644
17632
17650
17636
17610
17638
17624
17616
17650
17638
17644
17642
17654
17644
17644
17646
17622
17628
17634
17626
17644
17620
17616
17642
17632
17658
17634
17630
17644
17638
17636
17642
17644
17640
17632
17634
17624
17650
17628
17630
17636
17638
17636
17642
17646
17636
17640
17634
17648
17622
17630
17638
17620
17646
17650
17624
17652
17618
17626
17646
17638
17638
17636
17644
17632
17638
17632
17632
17626
17640
17634
17642
