71388
71262
71388
71398
71280
71314
71400
71352
71450
71486
71428
71374
71378
71388
71334
71408
71416
71426
71402
71330
71358
71398
71352
71356
71286
71408
71370
71454
71340
71374
71400
71268
71342
71320
71374
71360
71282
71308
71326
71350
71372
71342
71390
71384
71302
71330
71342
71446
71464
71380
71316
71360
71376
71300
71376
71352
71364
71392
71356
71356
71280
71436
71360
71456
71348
71434
71368
71392
71344
71362
71390
71376
71316
71336
71408
71378
71376
71344
71436
71324
71418
71336
71322
71382
71366
71350
71402
71392
71348
71386
71444
71446
71368
71360
71436
71406
71384
71340
71328
71262
71366
71342
71354
71428
71360
71350
71418
71312
71308
71374
71382
71348
71330
71412
71262
71404
71324
71388
71356
71386
71414
71318
71392
71410
71388
71398
71288
71350
71356
71356
71376
71416
71434
71364
71264
71372
71346
71248
71402
71298
71380
71398
71362
71330
71334
71362
71294
71320
71414
71278
71308
71354
71380
71426
71420
71320
71336
71392
71378
71364
71264
71346
71322
71358
71362
71478
71330
71320
71354
71312
71396
71388
71468
71382
71306
71348
71352
71280
71418
71356
71410
71426
71394
71382
71332
71468
71412
71392
71296
71314
71294
71374
71390
71446
71286
71324
71354
71338
71364
71336
71374
71388
71348
71330
71344
71376
71394
71300
71398
71342
71410
71360
71392
71312
71304
71372
71396
71414
71374
71400
71314
71328
71430
71376
71338
71312
71424
71316
71344
71256
71396
71484
71312
71294
71412
71356
71368
71324
71292
71318
71344
71240
71356
71436
71354
71350
71430
71376
71286
71354
71298
71382
71388
71364
71302
71370
71414
71364
71366
71368
71256
71346
71276
71368
71392
71390
71426
71354
71398
71368
71304
71422
71272
71270
71382
71356
71358
71364
71366
71392
71446
71304
71362
71364
71372
71358
71410
71428
71384
71376
71392
71426
71252
71328
71366
71334
71438
71310
71338
71332
71400
71358
71324
71278
71378
71332
71380
71378
71258
71280
71370
71398
71404
71408
71312
71392
71392
71436
71412
71382
71398
71364
71346
71384
71396
71330
71344
71374
71362
71392
71352
71370
71410
71294
71390
71394
71308
71254
71364
71446
71378
71354
71266
71316
71386
71352
71332
71342
71408
71324
71384
71328
71382
71380
71364
71470
71384
71366
71390
71444
71394
71440
71286
71376
71350
71374
71338
71378
71392
71280
71404
71492
71388
71380
71402
71418
71370
71278
71306
71372
71304
71312
71436
71322
71326
71322
71366
71334
71398
71338
71414
71352
71316
71342
71368
71282
71316
71358
71370
71410
71394
71362
71288
71416
71346
71368
71402
71386
71380
71380
71434
71344
71312
71368
71312
71442
71364
71380
71316
71364
71404
71344
71372
71366
71402
71298
71358
71338
71424
71386
71392
71250
71358
71436
71358
71372
71328
71358
71426
71394
71372
71376
71296
71298
71366
71344
71378
71392
71360
71330
71398
71350
71352
71352
71394
71416
71388
71352
71354
71272
71294
71352
71420
71350
71340
71312
71360
71384
71282
71332
71388
71304
71412
71414
71366
71296
71314
71414
71298
71360
71300
71430
71342
71430
71458
71364
71236
71392
71366
71302
71420
71262
71386
71400
71398
71438
71368
71374
71412
71348
