44786
44764
44814
44744
44736
44758
44710
44714
44800
44750
44768
44752
44762
44730
44708
44776
44730
44734
44676
44724
44758
44750
44794
44724
44770
44742
44846
44716
44854
44806
44758
44708
44776
44786
44794
44724
44714
44790
44738
44746
44834
44748
44782
44752
44808
44790
44690
44754
44770
44786
44800
44842
44704
44648
44748
44750
44734
44822
44798
44772
44778
44746
44702
44738
44780
44764
44748
44816
44680
44814
44794
44790
44726
44758
44720
44774
44840
44738
44752
44796
44702
44746
44756
44732
44824
44748
44736
44816
44792
44760
44770
44842
44726
44804
44720
44704
44786
44736
44756
44778
44770
44706
44680
44790
44742
44720
44854
44802
44780
44742
44762
44808
44756
44750
44764
44674
44720
44792
44784
44662
44850
44738
44740
44758
44764
44810
44768
44756
44828
44746
44788
44728
44782
44748
44694
44750
44710
44830
44698
44734
44810
44804
44772
44750
44800
44724
44696
44804
44826
44814
44690
44768
44656
44754
44726
44744
44850
44824
44772
44784
44736
44744
44718
44842
44796
44780
44666
44664
44734
44764
44854
44740
44774
44780
44798
44624
44748
44752
44742
44768
44776
44820
44838
44732
44738
44692
44784
44732
44788
44698
44824
44730
44740
44828
44724
44670
44654
44820
44668
44798
44750
44780
44776
44846
44706
44770
44770
44766
44750
44802
44736
44830
44760
44662
44742
44746
44708
44690
44810
44800
44768
44838
44730
44794
44786
44782
44684
44738
44736
44772
44740
44866
44740
44750
44690
44806
44764
44738
44730
44832
44786
44798
44796
44804
44742
44722
44766
44710
44748
44838
44744
44838
44772
44826
44702
44770
44856
44770
44738
44802
44670
44748
44708
44814
44698
44804
44766
44730
44770
44786
44776
44812
44806
44766
44778
44782
44826
44748
44784
44686
44756
44812
44816
44774
44698
44728
44734
44852
44784
44706
44794
44722
44770
44770
44730
44752
44852
44748
44742
44786
44664
44774
44776
44772
44736
44710
44782
44774
44762
44784
44796
44708
44764
44710
44722
44760
44784
44756
44792
44748
44758
44716
44746
44730
44712
44748
44768
44756
44786
44798
44688
44726
44756
44746
44698
44712
44820
44758
44770
44724
44842
44768
44690
44800
44690
44794
44756
44780
44726
44768
44784
44694
44742
44754
44786
44770
44764
44826
44810
44742
44710
44756
44784
44722
44780
44840
44766
44794
44836
44840
44750
44836
44740
44776
44712
44698
44720
44778
44780
44804
44786
44746
44804
44734
44802
44776
44716
44814
44750
44756
44802
44710
44776
44750
44756
44794
44666
44590
44734
44758
44808
44824
44688
44760
44802
44798
44786
44752
44758
44742
44776
44772
44852
44770
44610
44730
44784
44740
44804
44716
44828
44774
44782
44718
44758
44762
44792
44752
44712
44776
44862
44774
44796
44782
44824
44732
44814
44784
44760
44762
44696
44766
44648
44748
44756
44714
44806
44792
44734
44774
44724
44720
44804
44792
44754
44726
44746
44830
44730
44766
44770
44720
44772
44816
44756
44642
44752
44782
44772
44810
44732
44784
44750
44776
44810
44704
44718
44746
44790
44702
44718
44748
44768
44654
44776
44794
44748
44692
44750
44804
44754
44728
44672
44824
44768
44702
44706
44760
44726
44754
