98026
98036
98024
98082
97988
98116
98086
98026
98080
97990
98024
98104
97940
98000
98100
98024
97974
98092
98070
98018
98068
98036
98128
98086
98130
97990
98058
98038
97974
98100
98034
98072
98022
98050
98056
98066
97968
98062
98048
98078
98068
98108
97928
97990
98094
98060
98020
98036
98030
98016
98054
98058
97978
98082
98092
98120
98042
97964
98006
98080
98020
98044
97932
98074
98012
98036
98008
98114
98012
98030
98028
98098
98060
98054
97924
98052
98106
98062
97884
98036
98104
98078
98028
98036
98026
98122
98014
98044
98058
97942
98018
98116
98078
98076
98040
98078
98064
98092
98018
98062
97992
98124
98050
98114
98072
98028
98056
98030
98010
97958
98074
98056
98074
98076
98052
98048
98068
98080
98076
98066
98074
97980
98110
98048
98008
98090
98080
98074
97968
98094
98000
98062
98102
98124
98030
98026
98046
98032
98004
98092
98084
98002
98144
98040
98000
98088
98098
98034
98000
98100
98088
98112
98072
98014
98060
98084
97984
98036
98132
98022
98044
98094
98020
98092
98086
97962
98064
98036
98042
98122
98096
98102
98060
98026
98030
98080
97926
98062
98088
98076
98070
97974
98094
98078
97996
98082
98034
98082
98092
98034
98030
98090
98064
98024
98048
98070
98022
98054
98016
98014
98056
98070
98080
97962
98144
97974
98036
98056
98100
98102
98030
98052
98064
98120
98002
98070
98052
98030
98116
98052
98012
98030
98028
98086
98102
98118
98030
98062
98050
98002
97992
97992
98108
98048
97982
98034
98028
98002
97984
98032
98014
98158
97982
98080
98046
98020
98062
98032
98030
98012
98082
98086
98116
98078
98126
98110
98002
98162
98074
98024
98038
98086
98024
98074
98048
98062
98028
98054
98016
98136
98104
98070
98044
98058
98086
98042
97968
98046
98090
98088
98088
98044
97946
98112
98178
98030
98088
98116
97998
98084
98046
98078
98012
98070
98076
98114
98070
98016
98064
98084
98072
98052
98064
98116
98162
98018
97994
98160
98146
98072
98086
98078
98040
98040
98172
98220
98118
98078
98058
98038
98012
98116
98022
98100
98008
98052
98014
98068
98104
98144
98050
98100
97982
98042
98016
98118
98092
98016
98070
98074
98062
98080
98098
98138
98042
98072
98066
98112
98038
98026
98076
98032
98072
98120
98036
98084
98082
98058
97988
98072
98062
98074
98024
98014
98072
98028
98126
98100
97990
98100
98068
98042
98086
98034
98092
98074
98118
98040
98026
98026
98068
98042
98018
98010
98042
98060
98104
98034
97934
98080
98010
98040
98040
98014
98112
98072
98048
97984
98062
98078
97984
98026
98076
98060
98042
98046
98042
97980
98042
98136
98070
98072
98098
98048
98148
98086
98074
98114
98112
98084
98110
98100
98080
98088
98018
98028
98106
98036
98032
98040
98056
98096
98086
98032
98016
98154
98062
98062
97982
98100
98082
98094
97972
98088
97994
98014
98086
98034
97970
98138
98010
98150
98056
98058
98004
98090
98058
97992
98042
98104
98000
98098
98052
98068
98108
98022
98086
98018
98060
98088
98070
98072
98134
98082
97982
98106
98008
97918
98040
98092
98048
98074
98100
97986
98102
98030
97998
98070
98094
98086
98056
98018
97980
98046
98054
98054
98046
98058
98076
98112
