20388
20382
20432
20386
20344
20372
20356
20382
20362
20420
20408
20376
20422
20380
20402
20406
20448
20414
20364
20380
20396
20384
20408
20374
20364
20366
20384
20378
20344
20346
20408
20360
20386
20396
20382
20368
20358
20354
20362
20382
20396
20380
20392
20358
20382
20340
20364
20398
20424
20398
20378
20350
20402
20422
20408
20416
20362
20416
20364
20394
20410
20324
20376
20438
20396
20424
20374
20366
20384
20374
20396
20356
20422
20376
20344
20370
20382
20412
20372
20358
20372
20360
20414
20362
20406
20410
20404
20360
20354
20364
20406
20390
20378
20386
20378
20368
20412
20368
20402
20392
20370
20390
20358
20346
20384
20382
20406
20378
20396
20368
20412
20384
20380
20412
20322
20356
20410
20390
20402
20386
20402
20372
20414
20390
20350
20396
20378
20380
20378
20382
20340
20400
20378
20404
20418
20380
20380
20370
20362
20386
20344
20390
20358
20330
20368
20374
20384
20414
20332
20400
20390
20388
20398
20362
20366
20346
20380
20366
20362
20400
20364
20388
20398
20394
20374
20404
20360
20366
20404
20358
20390
20384
20370
20368
20386
20360
20388
20362
20336
20380
20386
20402
20348
20404
20358
20390
20394
20388
20364
20396
20324
20410
20382
20388
20438
20406
20422
20370
20380
20432
20368
20386
20364
20374
20376
20332
20336
20368
20382
20388
20358
20384
20376
20364
20398
20392
20364
20410
20390
20368
20376
20394
20382
20390
20324
20380
20364
20340
20374
20406
20382
20346
20348
20426
20380
20386
20388
20418
20372
20400
20396
20372
20384
20358
20398
20400
20356
20392
20390
20412
20400
20390
20388
20340
20408
20382
20396
20402
20410
20376
20374
20366
20400
20396
20352
20388
20420
20406
20416
20380
20392
20368
20426
20328
20394
20366
20400
20398
20412
20346
20360
20352
20372
20396
20344
20384
20418
20360
20414
20382
20354
20376
20388
20354
20410
20404
20392
20400
20408
20406
20402
20376
20380
20400
20362
20354
20374
20378
20408
20364
20380
20354
20390
20418
20366
20372
20358
20348
20346
20376
20368
20370
20374
20392
20382
20360
20362
20408
20382
20358
20348
20356
20376
20404
20396
20426
20406
20376
20370
20368
20384
20406
20408
20358
20396
20360
20338
20374
20362
20376
20382
20386
20400
20360
20368
20378
20382
20370
20376
20368
20386
20384
20408
20346
20356
20386
20392
20406
20394
20384
20406
20394
20394
20392
20410
20378
20410
20334
20380
20412
20400
20340
20342
20360
20366
20402
20404
20394
20346
20392
20354
20368
20376
20360
20396
20388
20392
20378
20344
20388
20380
20362
20386
20392
20404
20368
20354
20400
20360
20384
20414
20394
20408
20434
20446
20356
20400
20378
20404
20364
20386
20390
20412
20352
20430
20418
20372
20336
20400
20420
20420
20426
20390
20374
20416
20390
20424
20356
20356
20374
20374
20370
20390
20350
20358
20406
20368
20370
20394
20380
20420
20384
20410
20390
20366
20370
20404
20346
20364
20396
20392
20334
20378
20386
20374
20390
20352
20384
20362
20402
20380
20362
20396
20400
20394
20364
20338
20396
20424
20384
20356
20336
20360
20392
20386
20398
20358
20358
20408
20386
20376
20398
20392
20330
20376
20406
20358
20394
20424
20366
