49930
49878
49814
49934
49986
49782
49844
49886
49848
49874
49792
49880
49864
49818
49800
49684
50048
49842
49968
49862
49816
49826
49878
49880
49852
49790
49788
49864
49916
49782
49794
49718
49754
49904
49780
49786
49834
49780
49964
50002
49924
49870
49838
49764
49866
49736
49956
49758
49936
49772
49786
49936
49806
49702
49782
49864
49846
49906
49940
49830
49800
49738
49878
49802
50036
49738
49786
49718
49930
49950
49826
49882
49968
49900
49966
49854
49838
49920
49910
49906
49824
49756
49774
49978
49830
49836
49780
49714
49850
49726
49870
49772
49786
49904
49888
49962
49842
49880
49850
49846
49810
49858
49720
49772
49840
49956
49888
49928
49780
49912
49840
49790
49932
49866
49830
49790
49900
49944
49798
49850
49748
49922
49952
49798
49858
49814
49704
49872
49864
49800
49854
49716
49934
49846
49704
49864
49772
49814
49754
49850
49848
49928
49784
49934
49858
49972
49870
49914
49816
49856
49816
49848
49856
49688
49936
49764
49864
49846
49798
49714
49908
49876
49878
49734
49910
49898
49860
49812
49874
49936
49892
49876
49946
49804
49860
50000
49854
49814
49670
49812
49832
49878
49952
49916
49898
49862
49850
49802
49798
49776
49882
49906
49886
49756
49942
49794
49826
49862
49804
49944
49774
49854
49808
49946
49938
49780
49850
49740
49918
49800
49784
49934
49924
49782
49914
49920
49844
49822
49814
49852
49878
49920
49804
50020
49774
49894
49846
49732
49848
49864
49844
49852
49972
49744
49836
49898
49878
49902
49878
49850
49972
49892
49972
49784
49956
49844
49776
49896
49968
49866
49922
49822
49870
49918
49890
50006
49960
49912
49898
49820
49896
49988
49832
49832
49846
49788
49748
49804
49948
49876
49854
49730
49952
49840
49786
49856
49900
49876
49944
49890
49808
49796
49844
49730
49854
49888
49926
49776
49882
49808
49916
49874
49842
49852
49812
49846
49822
49956
49944
49864
49790
49890
49902
49798
49744
49938
49752
49918
49812
49740
49896
49888
49782
49912
49938
49850
49922
49962
49890
49768
49958
49958
49858
49840
49984
49800
49894
49748
49918
49828
49794
49864
49936
49974
49710
49890
49918
49952
49788
49824
49796
49906
49902
49994
49924
49790
49914
49890
49892
49836
49784
49842
49820
49876
49830
49934
49662
49794
49914
49936
49808
49880
49866
49864
49900
49722
49844
49878
49830
49954
49764
49752
49964
49808
49896
49894
49848
49958
49798
49908
49828
49798
49928
49802
49816
49718
49912
49838
49890
49870
49832
49954
49846
49832
49836
49798
49828
49890
49688
49812
49926
49952
49838
49862
49722
49904
49904
49818
49820
49766
49762
49904
49872
49890
49828
49756
49944
49904
49688
49838
49902
49826
49898
49750
49966
49870
49744
49850
49860
49942
49768
49768
49874
49850
49910
49880
49876
49924
49864
49926
49794
49792
49916
49878
49892
49854
49848
49952
49988
49966
49918
49940
49856
49830
49946
49864
49976
49870
49784
49824
49982
49824
49902
49948
49786
49840
49802
49936
49968
49878
49886
49822
49894
49872
49794
49830
49904
49800
49826
49804
49876
49836
49774
49856
49872
49898
49742
49928
49886
49878
49894
49834
49760
49896
49812
49802
49822
49914
49872
49946
