58988
58940
58026
58752
57140
57342
56516
58324
58444
56414
56710
56752
55204
58928
56960
58546
58962
57540
55126
58742
58856
57194
57590
58834
57112
58850
57278
59032
58746
58864
58290
56426
58702
58976
58846
58606
58928
58740
58908
59044
58772
58852
58180
58940
58714
58868
57996
58348
58634
59076
58916
58590
58988
56666
55414
57828
58318
58948
58952
57378
57350
56458
55594
58722
58894
58228
56642
58784
55726
59062
56202
55638
58946
55392
57234
56478
58844
57998
56570
58024
58942
58884
56738
58980
58536
56122
55118
58886
58792
55936
58792
58944
58458
58928
57480
58806
58038
58932
57872
58400
58068
58924
58906
58076
58828
58320
58452
58688
58426
57542
58958
58814
56918
58772
58092
58318
58678
57844
57590
58516
58948
58954
55554
54964
58908
58798
57204
56802
58822
58496
58892
58996
58588
58796
56462
58978
58808
56292
58716
59002
59010
58900
56630
58914
58814
58926
57878
57838
58678
58404
56870
58228
58274
58864
58834
58844
58612
58806
58838
58864
58728
58686
56730
58734
58520
58984
57968
58110
58890
57482
59064
57088
58586
56050
58826
58858
55450
58758
58848
57876
58764
58664
58228
58176
56902
58186
56740
58858
58958
57468
55316
58086
58812
55920
56564
55648
58888
58860
57718
58952
57330
57730
58754
57342
58260
58884
58850
58888
58896
56856
58916
57458
55186
58892
56336
55372
58560
58540
58930
58248
58960
58996
57406
58154
58708
58600
58570
58936
58812
58900
58502
57318
55434
58418
56526
58918
58488
58730
58996
58116
58994
58016
58910
58676
58968
58928
56450
58668
58738
58898
56956
58340
58482
56860
58314
58906
57076
58686
56396
58800
58436
58650
58858
55472
58646
57644
58318
58652
58618
58208
58938
56222
58916
59018
58938
58672
58786
56432
58600
58768
58348
58572
58970
57122
58488
58686
58866
54840
57046
57930
57224
58006
57766
58406
55774
55046
58278
56770
59012
56320
55118
58938
57846
58510
58786
57326
58194
57550
58684
57466
56232
59012
58976
58886
58814
56680
58700
57638
58650
58718
54888
57528
58938
58766
56158
58856
55778
58874
58164
56466
58888
58804
58056
57656
58848
57170
58838
58814
56426
55228
58878
56762
58592
58062
55270
58040
58086
58964
55022
58974
58598
58684
57308
58308
57188
55028
55786
56762
58818
58638
58346
57816
58116
58890
57634
56742
57254
55210
58922
58736
56772
58948
58872
58116
59006
58118
58716
58808
58856
57646
58060
56298
56608
55200
54962
58796
58934
56008
58748
59008
58722
57194
58846
58630
57998
58964
58816
56824
56972
58552
58920
58580
58786
58764
58308
58668
58936
57228
56982
56930
58188
58726
56666
56438
58776
57434
57788
58798
59024
58248
58578
58306
58964
56884
57846
58854
57066
58594
58580
58590
57760
56996
55966
58326
58900
58992
58878
57224
55700
58076
57186
58450
57770
58600
58808
55702
59016
58428
57888
55648
55848
58926
58524
58816
58832
56220
57472
58286
58858
58182
57400
57110
58912
57826
58944
58770
58838
54500
56414
58678
57312
58800
56178
57984
58092
58046
56062
58712
57856
58554
57166
58380
58580
58328
58874
57410
58540
58620
58334
58836
58838
58590
58916
58776
58938
58682
57706
58810
57202
57944
