26588
26980
27444
27430
26980
25838
27122
27366
27406
26902
27264
27298
25662
27390
27222
27452
27414
26244
26444
27292
27374
26750
27316
26016
26748
27172
26722
27408
26304
27482
26624
27376
27384
27474
27308
27298
27284
27194
27348
27498
27376
27338
27418
27472
27310
27122
27352
27282
27224
27314
27374
27326
25710
27442
27482
27004
27372
27378
25832
27238
26474
27392
27316
27430
27494
26568
27344
27416
27382
27364
27348
26804
27392
27412
27390
27102
27098
27408
27326
26784
27318
26302
27184
26862
27374
27462
27478
26808
27110
26082
27190
26616
27418
26798
27342
27336
27256
27216
25690
25986
27062
27406
27302
25534
27392
27324
27406
27450
27438
26782
26148
27226
27408
27352
27388
26660
27358
27460
26932
27398
27370
26368
27394
25564
27306
26914
27456
27356
27366
27438
27418
27386
27028
27434
26762
27072
27198
26430
26890
27210
27120
27084
27296
27424
27068
27038
27122
27370
27412
26398
27410
27244
26916
26818
27408
27308
27192
26382
27256
26164
27316
27340
25880
26402
25984
27336
27402
27218
27266
27210
27274
27358
27344
27444
26840
27120
27404
27210
27146
26632
26410
27296
26224
27418
26674
27214
26120
27310
26812
27158
27310
27302
27428
27138
27354
27348
27192
27302
27412
26806
27300
26230
27200
27108
27298
27254
27460
27372
27348
27110
27430
27490
26454
27456
27350
27486
27400
27334
27158
27286
27160
27420
25348
27330
25638
27404
27398
27372
27362
27276
27278
27392
26166
27442
27316
26508
25820
27172
26090
27246
27352
26742
26694
27436
27030
27406
27110
27274
27434
27120
27370
27474
25922
27388
27228
27368
27424
27330
26790
27426
27396
27446
27436
26386
27514
27172
27200
27504
27310
26804
27480
27082
27290
25678
25848
27422
27252
27360
26416
27398
26936
27400
26778
26020
26900
27130
27318
27410
26854
25984
27440
27358
26360
27322
27414
27126
27418
27084
26162
27408
26926
27312
27374
27392
27326
27360
27490
27402
27390
27456
27246
27340
27240
26996
27448
27388
25666
25854
27506
27114
27406
27426
27396
26052
27020
27122
27374
26218
26288
27434
27286
27220
27238
27426
27442
26276
26824
26828
26890
27196
26350
26828
27306
27362
26376
27112
26350
27436
26510
27400
27366
27386
26334
27400
27374
27214
26496
27450
27338
27072
26924
26006
27326
27256
27336
27288
27354
27280
27436
27426
27420
27398
27360
27360
27390
26952
27138
27360
27388
26830
27430
26374
27184
27420
27296
27026
26782
27438
27450
27418
27454
27456
26562
27392
25686
27226
26464
26726
27208
27354
27364
27248
27426
27058
27074
26800
27422
26672
27334
27408
27472
26178
27036
27434
27430
27264
26782
26518
27280
27322
27322
27224
26930
26784
27318
27026
27420
27384
27308
27406
27434
27004
27316
26946
26116
27326
25432
27314
27434
27344
26676
26030
27424
26980
27406
27402
27384
26930
27120
26910
25606
27452
26984
27398
27420
26784
27412
27212
27204
26870
27300
27422
26992
27344
26674
26276
26334
27042
27010
27236
27448
27000
27044
27198
27450
27376
25960
26762
27348
27398
27306
27236
27444
26698
26874
27166
27362
27050
27316
27404
26704
27356
27384
27402
27264
27096
26452
26208
27438
27280
