22984
22934
22956
22950
22908
22902
22940
22886
22908
22920
22970
23018
22900
22952
22950
22814
23008
22972
22912
22970
22938
23008
22962
22918
22918
22882
22892
22984
23028
22944
22962
22918
22980
22886
22872
22902
22884
22948
22912
22882
22902
22952
22984
22946
22918
22928
22938
22920
22908
22850
22908
22848
22852
23032
22928
22968
22924
22944
22856
22948
22976
22948
22898
22890
22984
22996
22934
22858
22942
22842
23010
22852
22900
22910
22880
22828
22966
22992
23002
22878
22940
22880
22914
22966
22876
22852
22920
22956
22910
22936
22880
22924
22910
22940
23034
22892
23042
22900
22898
22948
22974
22986
22868
22908
22894
22952
22962
22882
22920
22938
22978
22990
22924
22946
22982
22914
23022
23004
22986
22972
22882
22916
22902
22980
22924
23018
22844
22934
22968
22920
22918
22886
23024
22960
22958
22886
22962
22916
22966
22936
23012
22888
22866
22946
22940
22928
22912
22890
22932
23046
22906
22956
22928
22836
22902
22888
22824
22892
22954
22906
22912
22910
22912
22982
22880
22826
22934
22942
22916
22912
23024
22922
22944
22942
22924
22976
22946
22866
22944
22902
22968
22990
22960
22912
22990
23016
22922
22952
22960
22966
22914
22940
22972
22972
22914
22850
22940
22870
22964
22898
22896
22856
22886
22900
23004
22840
22950
22946
22992
22926
22828
22928
22972
23082
23026
22892
22952
23076
22890
22860
23002
22874
22934
22926
22854
22992
22966
22884
22884
22888
22968
22970
22916
22896
22960
22980
22940
22864
22974
22966
23012
22816
22926
22902
22956
22948
22978
22978
22926
22898
22974
22870
22980
22934
22880
22936
22986
22966
22904
22858
22904
22850
23026
22952
22960
22962
22926
22962
22932
22996
22976
22916
23022
22970
22936
22876
22882
22926
22950
22922
22928
22962
22900
22884
22984
23014
22972
22988
22916
23000
22984
22960
22940
23000
22826
22914
22954
22930
23006
22946
22928
22884
22884
22956
22934
22980
22934
22912
22952
22948
22874
23054
22882
22918
22864
22926
22928
22900
22952
22890
22932
22908
22856
22906
22984
22872
22896
22958
22890
23006
22850
22904
22930
22882
23070
22956
22950
22928
22910
22996
23006
22940
23006
22972
22814
22924
22840
22984
22968
22912
22920
23012
22926
22926
22990
22932
22986
23002
22958
22948
22972
22864
22944
22998
22906
22956
22956
22922
22824
22980
22880
23002
22972
22922
22928
22962
22936
23070
22950
22920
22982
22994
22864
22872
22956
22954
22992
23006
22906
23022
22892
22890
22902
22882
22896
22964
22910
22912
22922
22962
22924
22950
22962
22904
22922
22912
22948
22928
22952
22988
22950
22860
22968
23010
22930
22948
22888
22964
23018
22912
23010
22906
22932
22842
22964
22944
22980
22944
22908
22862
22914
22916
22944
23008
23048
22956
22866
22884
22904
22914
22874
22978
22860
22940
22892
22944
22870
22926
22922
22940
22938
22908
22910
22924
22834
22922
23010
22970
22954
22976
22928
22970
22858
22932
22968
22898
23016
22848
22910
22886
22894
22860
23044
22894
22874
22874
22954
22886
22960
22948
22922
22954
22898
22948
22920
22992
22982
22946
22946
23002
22900
22930
22882
23026
22976
22962
22950
22900
22944
22894
