42260
43062
41826
40396
42900
42706
43074
42064
43152
43200
43236
43056
42610
42720
41874
43078
43048
41910
40790
43172
42504
42106
42954
41532
43242
43184
40596
42912
41418
42514
41922
41670
43064
42640
42942
40858
41444
41476
41178
41386
40122
42964
41712
41824
43186
40834
42972
43118
41698
42336
41132
43186
42152
42138
42614
42572
42116
40988
43122
43012
40488
42840
43174
43208
42942
42526
43012
43166
42868
42674
43104
40704
41132
41820
41860
40570
43140
43140
43066
43082
43172
42936
42956
43216
42908
43014
43090
43008
42570
43134
43108
43150
42390
43020
42786
42662
43054
43190
42622
43194
42954
43094
42206
42328
42402
42156
43012
43216
43210
43142
43044
43006
41814
43160
43012
42834
42058
43070
43064
43110
43142
41228
41998
43058
42652
43084
41922
43102
41684
41868
43186
43228
43012
43152
42538
42154
43238
43216
43174
41456
42450
43108
43148
43170
40406
41634
41882
40698
42962
40736
43078
40780
42964
41216
43138
43148
43106
42300
40172
42762
42988
42970
43202
43086
42260
43080
43008
43084
43294
41458
41460
40826
43206
43136
43196
41194
42114
42648
42278
42182
43102
42446
42490
42766
43086
42654
41650
42998
43012
43268
43170
43094
43024
43114
41452
43104
42236
42800
42472
42600
42852
42850
42978
41494
41128
43204
43068
42504
41376
42800
41112
40346
41990
42412
42468
42984
42346
41912
42800
43036
42666
42088
43224
43148
42154
42884
43094
40690
43038
42082
41328
40760
42858
43110
41338
43204
43142
42340
40904
40270
41678
43122
43062
42392
42892
42980
43168
42074
43156
43170
43162
41914
42922
42628
43180
43162
43184
43042
42086
42770
42866
41006
42238
40336
43034
43108
43010
41972
42786
42970
40522
43108
42668
43044
41958
43052
43150
43040
42338
42412
43176
43200
42074
42352
43170
41960
43066
43042
42996
43180
42344
42874
43152
41182
42970
42554
43166
43122
42892
41138
42148
43094
43086
40572
40396
42146
42966
40594
42622
42196
42732
43118
41370
43158
42918
43120
43176
42430
43242
43142
43196
43064
40900
43054
42346
42918
43066
42774
43194
43110
43258
42898
43036
42402
43010
42108
42816
42190
41024
40458
43138
42944
42974
43168
40328
43154
43056
42696
43104
42276
42140
43200
42332
41880
43094
43224
43026
43156
42558
42488
42606
43132
42306
43096
42732
43080
42768
41962
43148
42942
42880
43230
42790
42126
43158
43050
42704
43090
43186
42830
42798
42442
43118
43130
40426
43208
42954
41250
43128
40770
42494
43172
43026
41874
43162
43170
42920
43008
43016
40300
43084
43128
43080
43264
42144
43122
41188
43052
41180
42994
40560
42786
42854
43098
43082
42830
42738
42866
41482
43090
42368
43052
42486
42688
40840
43226
41478
43206
42666
43144
43132
42774
43226
41518
43020
42102
41716
43078
41402
43032
43112
42520
41410
41552
41424
40430
43064
43178
41816
43082
43120
42986
42872
42884
42164
43198
40142
41270
43226
42722
42808
42342
43134
43052
43000
42654
43236
42610
42924
42710
42250
42496
42486
42124
41552
43144
43164
43170
42536
43176
42604
41964
42250
41768
42994
42924
43142
43140
41286
43080
41672
43116
40582
43174
42662
42924
42734
41994
42122
42642
