10498
10410
10466
10450
10488
10438
10486
10450
10452
10482
10446
10442
10520
10430
10520
10492
10482
10410
10488
10454
10490
10448
10474
10508
10480
10474
10430
10452
10414
10502
10542
10506
10436
10518
10462
10474
10488
10518
10532
10498
10476
10412
10518
10486
10458
10456
10480
10410
10422
10526
10450
10422
10510
10416
10524
10486
10500
10494
10512
10422
10430
10474
10480
10520
10504
10454
10438
10410
10462
10482
10464
10422
10482
10466
10470
10438
10500
10498
10418
10534
10494
10526
10470
10468
10512
10474
10478
10480
10446
10448
10474
10470
10496
10482
10476
10444
10462
10442
10416
10434
10498
10526
10396
10534
10428
10468
10442
10452
10518
10502
10474
10394
10478
10508
10474
10458
10506
10498
10452
10468
10432
10442
10458
10442
10502
10466
10488
10454
10498
10454
10518
10470
10476
10468
10420
10452
10494
10446
10426
10470
10458
10440
10494
10390
10508
10494
10446
10476
10472
10522
10474
10506
10452
10468
10526
10456
10452
10440
10430
10508
10436
10516
10450
10480
10498
10484
10478
10452
10440
10520
10452
10470
10516
10418
10488
10504
10514
10454
10488
10452
10474
10454
10418
10432
10510
10452
10482
10464
10426
10476
10494
10476
10428
10422
10450
10420
10406
10428
10494
10404
10520
10498
10526
10468
10486
10466
10466
10508
10524
10464
10440
10430
10488
10462
10462
10468
10478
10440
10438
10414
10534
10494
10478
10508
10430
10470
10480
10460
10470
10434
10514
10488
10408
10480
10504
10456
10528
10454
10464
10538
10490
10542
10464
10446
10482
10464
10526
10438
10460
10522
10512
10560
10418
10476
10512
10548
10448
10516
10484
10460
10518
10512
10498
10494
10378
10518
10452
10496
10470
10452
10506
10470
10492
10442
10458
10502
10488
10446
10508
10426
10500
10560
10552
10542
10456
10470
10484
10538
10494
10450
10484
10514
10454
10486
10514
10458
10442
10446
10388
10430
10444
10516
10494
10450
10448
10452
10474
10492
10434
10494
10462
10448
10448
10544
10440
10434
10444
10534
10448
10472
10466
10446
10502
10458
10532
10420
10496
10494
10460
10490
10430
10486
10538
10456
10472
10504
10464
10476
10480
10510
10482
10498
10474
10494
10498
10482
10460
10522
10452
10486
10440
10446
10476
10500
10426
10542
10460
10458
10466
10448
10414
10476
10458
10468
10494
10484
10466
10448
10514
10474
10494
10470
10504
10510
10464
10488
10456
10486
10478
10442
10456
10474
10488
10472
10540
10500
10454
10522
10452
10440
10450
10472
10494
10442
10434
10504
10470
10548
10476
10420
10442
10438
10478
10440
10474
10466
10430
10462
10514
10448
10444
10484
10492
10504
10514
10518
10518
10522
10472
10446
10518
10492
10414
10496
10450
10416
10458
10490
10512
10474
10486
10518
10486
10490
10500
10504
10474
10530
10480
10492
10452
10502
10526
10464
10394
10478
10428
10462
10532
10486
10516
10512
10492
10488
10456
10506
10394
10480
10496
10476
10504
10466
10458
10506
10472
10498
10456
10472
10494
10488
10496
10432
10494
10466
10530
10478
10494
10552
10452
10394
10498
10486
10454
10524
10504
10438
10422
10520
10406
10492
10474
10404
10482
10508
10444
10508
10482
10446
10438
10394
