36378
36410
36400
36292
36322
36318
36366
36406
36310
36406
36406
36318
36492
36452
36314
36372
36432
36370
36408
36408
36360
36378
36448
36334
36386
36346
36422
36368
36386
36306
36406
36376
36396
36404
36428
36452
36476
36410
36288
36370
36328
36280
36440
36444
36452
36348
36368
36298
36310
36412
36392
36304
36374
36208
36436
36396
36438
36364
36368
36414
36344
36338
36362
36388
36348
36338
36388
36272
36382
36424
36396
36336
36306
36422
36260
36300
36360
36422
36210
36394
36270
36374
36410
36390
36430
36374
36328
36428
36374
36366
36376
36224
36456
36458
36354
36406
36306
36372
36370
36306
36310
36320
36268
36392
36306
36420
36414
36392
36364
36372
36358
36440
36236
36370
36422
36450
36312
36452
36462
36456
36476
36362
36338
36384
36406
36336
36234
36252
36314
36444
36310
36360
36284
36308
36352
36296
36480
36482
36334
36410
36426
36380
36392
36358
36324
36482
36324
36330
36454
36518
36420
36364
36448
36322
36374
36386
36344
36328
36320
36446
36336
36516
36370
36290
36438
36400
36390
36308
36400
36450
36426
36360
36412
36394
36320
36380
36404
36382
36418
36516
36338
36438
36332
36426
36368
36450
36446
36386
36390
36434
36252
36296
36314
36422
36302
36430
36354
36464
36292
36328
36360
36396
36376
36266
36268
36300
36346
36314
36386
36450
36400
36358
36400
36374
36464
36384
36276
36396
36446
36404
36490
36372
36378
36430
36396
36302
36460
36356
36466
36370
36378
36302
36356
36392
36336
36404
36368
36346
36356
36306
36348
36498
36426
36408
36276
36488
36394
36338
36332
36284
36328
36362
36436
36318
36476
36450
36366
36408
36338
36332
36426
36380
36364
36320
36304
36370
36418
36420
36364
36378
36360
36440
36422
36300
36436
36316
36370
36550
36294
36452
36536
36250
36286
36264
36422
36352
36436
36358
36502
36384
36422
36364
36258
36368
36352
36294
36354
36296
36348
36358
36358
36318
36440
36452
36436
36380
36312
36404
36298
36420
36370
36388
36436
36486
36308
36248
36294
36308
36292
36398
36374
36322
36320
36494
36288
36344
36418
36308
36356
36358
36380
36272
36462
36350
36410
36386
36228
36346
36320
36398
36402
36440
36440
36382
36318
36460
36242
36380
36320
36284
36338
36342
36326
36398
36420
36404
36296
36390
36408
36346
36444
36308
36242
36330
36466
36316
36292
36420
36394
36306
36466
36286
36436
36414
36334
36366
36280
36460
36390
36332
36330
36298
36432
36350
36392
36376
36330
36348
36364
36338
36376
36356
36300
36420
36274
36296
36406
36350
36352
36170
36324
36310
36282
36432
36334
36440
36312
36394
36398
36332
36370
36354
36316
36342
36414
36340
36354
36356
36362
36358
36396
36466
36316
36312
36294
36410
36468
36404
36404
36376
36478
36298
36378
36402
36282
36354
36314
36306
36310
36328
36422
36400
36366
36408
36288
36454
36488
36370
36382
36326
36398
36356
36242
36350
36504
36388
36314
36368
36430
36390
36464
36412
36428
36386
36372
36262
36424
36476
36318
36358
36448
36364
36378
36296
36398
36358
36464
36392
36368
36268
36232
36318
36274
36356
36348
36298
36388
36390
36286
36502
36404
36400
36240
36244
36346
36408
36424
36310
36408
36394
