12672
12686
12614
12166
12458
12620
12386
12694
12668
12692
12648
12544
12620
12644
12700
12718
12140
12564
12662
12700
11832
12684
12406
12666
12602
12652
12716
12676
12478
11738
12212
12000
12684
12470
12676
12536
12618
11832
12420
12694
12282
12354
12676
12658
12632
12626
12638
12576
12696
12562
12232
12656
12542
12552
12560
12706
12690
12664
12698
12064
12568
12694
12708
12568
12642
12684
12552
12690
12580
12688
12616
11906
12632
12684
12704
12608
12220
12696
12672
12498
11906
12626
12558
12626
12628
12566
12646
12620
12344
12268
12684
12358
12558
12010
12494
12712
12684
12374
12278
12682
12652
12666
12680
12342
12416
11980
12344
12696
12656
12702
12690
12730
12716
12614
12608
12682
12696
12688
12678
12114
12700
12304
12700
12400
12454
12632
12656
12462
12616
12302
12652
12086
12588
12682
12102
12578
12388
12664
12706
12444
12562
12648
12714
12356
12704
12194
12138
12618
12632
12648
12646
12662
12088
12546
12474
12664
12636
12698
12212
12572
12688
12692
12602
12620
12656
12536
12614
12594
12566
12654
12182
12682
12736
12400
12054
12626
12720
12476
12564
12590
12656
12298
12684
12698
12588
12526
12690
12644
12144
12230
12348
12704
12524
12648
12688
12622
12400
12354
12492
12682
12636
12216
12620
12718
12466
12050
12710
12558
12592
12246
12642
11968
12622
12650
12672
12384
12696
12622
12648
12584
12690
12472
12662
12690
12612
12022
12400
12700
12004
12690
12696
12484
12640
12364
12694
12706
12332
12614
12612
12562
12214
12362
12604
12708
12522
12696
12604
12724
12684
12642
12462
12668
12672
12612
12674
12700
12644
12300
12546
12586
12472
12666
12368
12592
12370
12704
12650
12360
12436
12682
11918
12518
12630
12478
12704
12680
12710
12702
12538
12642
12372
12702
12642
12690
12694
12674
12520
12622
12614
12500
12440
12110
12700
12068
12598
12650
12668
12686
12646
12150
12674
12656
12600
12654
12748
12664
12598
12338
12560
12470
12448
12702
12678
12664
12450
12714
12554
12674
12174
12682
12426
12576
12674
12220
12608
12310
12026
12716
12640
12522
12630
12392
12606
12402
12674
12582
12678
12706
12668
12600
12528
12462
12684
12392
12664
12568
12506
12234
12588
12656
12642
12038
12550
12252
12472
12298
12486
12684
12294
12686
12700
12684
12624
12692
11892
12630
12578
12682
12550
12180
12584
12662
12584
12238
12014
11796
12652
12714
12642
12492
12628
12660
12658
12500
12710
12630
12526
12396
12610
12734
12662
12626
12684
12554
12274
12530
12162
12668
11980
12692
12642
12652
12698
12678
12726
12626
12450
12650
12072
12700
12556
12436
12618
12678
12580
12484
12268
12682
12226
12700
12692
12254
12682
12656
12670
12616
12670
12646
12690
12690
12412
12480
12692
12700
12400
12664
12688
12568
12692
12226
11862
12678
12422
12698
12488
12632
12122
12638
12648
12178
12656
12684
12610
12640
12688
12476
12590
12482
12566
12594
12414
12654
12664
12678
12138
12594
12018
12516
12684
12680
12680
12576
12628
12430
12704
12630
12672
12500
12698
12546
12102
12292
12702
12474
12658
12612
12178
12704
12588
12644
12602
12462
12552
12298
12690
12204
12674
12712
12570
12546
