11630
11822
11686
11710
11728
11740
11786
11836
11760
11736
11844
11766
11762
11792
11758
11772
11774
11752
11830
11756
11718
11750
11750
11704
11750
11794
11770
11762
11754
11732
11782
11748
11750
11806
11728
11796
11754
11768
11768
11814
11804
11798
11826
11758
11748
11762
11798
11816
11778
11718
11800
11796
11770
11740
11784
11772
11850
11742
11788
11780
11798
11834
11750
11770
11820
11782
11796
11856
11828
11734
11728
11772
11776
11860
11732
11846
11774
11800
11808
11776
11804
11776
11804
11714
11848
11858
11804
11778
11816
11800
11756
11846
11760
11826
11822
11814
11748
11740
11782
11820
11802
11830
11746
11832
11820
11796
11802
11784
11720
11804
11772
11800
11762
11696
11814
11778
11726
11756
11782
11746
11768
11808
11802
11794
11768
11792
11686
11722
11780
11796
11754
11808
11772
11776
11794
11794
11780
11758
11830
11698
11756
11692
11786
11806
11778
11768
11710
11778
11778
11758
11744
11822
11782
11792
11708
11740
11718
11788
11798
11778
11814
11700
11834
11766
11820
11794
11822
11752
11790
11796
11672
11826
11750
11788
11748
11752
11716
11762
11750
11734
11724
11798
11796
11832
11750
11704
11776
11684
11836
11770
11752
11784
11700
11848
11776
11750
11682
11766
11732
11752
11782
11868
11802
11758
11748
11792
11734
11744
11710
11792
11786
11754
11800
11780
11822
11778
11766
11846
11700
11818
11708
11806
11788
11816
11810
11780
11830
11820
11788
11816
11748
11786
11766
11792
11840
11748
11648
11712
11778
11736
11768
11766
11734
11698
11684
11764
11788
11808
11754
11808
11766
11798
11772
11738
11784
11790
11692
11790
11750
11844
11708
11838
11800
11754
11804
11802
11732
11766
11822
11860
11846
11696
11786
11792
11696
11790
11752
11816
11782
11710
11740
11724
11808
11782
11800
11746
11782
11810
11740
11798
11720
11776
11780
11790
11748
11794
11696
11786
11740
11816
11788
11772
11778
11812
11782
11768
11726
11786
11718
11718
11770
11710
11734
11774
11722
11750
11700
11826
11786
11728
11630
11724
11778
11754
11782
11824
11788
11758
11798
11794
11812
11836
11740
11724
11776
11820
11792
11744
11834
11792
11772
11722
11710
11776
11794
11794
11684
11786
11740
11676
11770
11810
11826
11840
11772
11734
11752
11744
11776
11736
11798
11840
11762
11748
11798
11846
11840
11796
11762
11824
11790
11798
11832
11782
11686
11708
11714
11764
11732
11834
11708
11800
11866
11752
11746
11754
11794
11868
11752
11742
11806
11728
11832
11770
11848
11758
11722
11762
11780
11770
11802
11730
11818
11826
11762
11774
11730
11756
11804
11752
11764
11710
11762
11750
11816
11764
11798
11726
11868
11780
11718
11774
11834
11784
11806
11762
11796
11766
11778
11766
11720
11786
11834
11814
11744
11836
11798
11840
11780
11744
11800
11832
11786
11734
11840
11764
11726
11746
11800
11824
11754
11736
11756
11788
11720
11782
11754
11776
11776
11766
11784
11784
11824
11818
11750
11734
11764
11762
11796
11860
11706
11862
11794
11702
11714
11758
11762
11722
11788
11772
11766
11844
11822
11704
11766
11708
11702
11752
11732
11742
11826
11768
11866
11762
11836
11758
11734
11758
11794
11740
