40180
40342
40346
40266
40308
40186
40288
40408
40324
40290
40352
40242
40282
40258
40202
40256
40352
40278
40200
40130
40234
40438
40318
40236
40318
40254
40232
40198
40220
40156
40334
40270
40142
40158
40250
40170
40274
40236
40274
40258
40324
40266
40158
40070
40218
40200
40230
40196
40310
40288
40294
40276
40250
40096
40234
40222
40250
40136
40236
40182
40358
40190
40170
40140
40258
40378
40244
40266
40248
40238
40272
40310
40292
40250
40214
40330
40160
40412
40234
40398
40324
40336
40164
40178
40140
40236
40234
40184
40298
40320
40190
40280
40268
40412
40392
40308
40190
40370
40224
40252
40280
40186
40258
40322
40378
40264
40230
40330
40130
40302
40312
40244
40260
40330
40164
40182
40296
40252
40194
40352
40268
40368
40286
40278
40378
40370
40500
40202
40290
40144
40252
40254
40274
40332
40232
40308
40200
40286
40256
40462
40300
40242
40290
40342
40312
40202
40338
40326
40260
40286
40234
40398
40208
40182
40398
40330
40250
40240
40278
40356
40336
40328
40278
40270
40310
40246
40324
40344
40184
40342
40218
40216
40194
40376
40218
40270
40192
40302
40286
40364
40174
40226
40210
40312
40334
40324
40202
40312
40260
40220
40292
40280
40110
40322
40216
40260
40274
40284
40316
40236
40364
40314
40208
40324
40204
40314
40244
40258
40348
40330
40196
40404
40192
40196
40164
40224
40270
40188
40162
40244
40254
40216
40202
40200
40162
40454
40296
40246
40260
40298
40272
40228
40296
40282
40256
40376
40312
40236
40286
40224
40242
40272
40202
40314
40264
40378
40262
40324
40340
40316
40120
40192
40284
40220
40224
40300
40242
40292
40244
40318
40092
40270
40288
40190
40312
40122
40204
40270
40326
40086
40274
40220
40274
40264
40198
40304
40402
40130
40318
40312
40256
40326
40234
40220
40276
40242
40296
40316
40284
40404
40180
40316
40264
40272
40196
40260
40334
40414
40130
40242
40184
40326
40270
40196
40284
40232
40316
40256
40230
40256
40230
40402
40394
40278
40426
40268
40342
40196
40312
40216
40254
40284
40202
40204
40312
40212
40290
40184
40338
40214
40414
40346
40188
40260
40296
40248
40248
40282
40316
40156
40338
40286
40224
40388
40246
40294
40300
40302
40238
40152
40246
40394
40212
40244
40224
40380
40288
40256
40200
40382
40282
40416
40330
40334
40176
40314
40254
40258
40308
40302
40074
40314
40324
40214
40198
40266
40358
40364
40232
40264
40288
40312
40490
40228
40318
40276
40230
40206
40200
40256
40392
40270
40202
40316
40274
40392
40268
40196
40344
40222
40242
40240
40288
40238
40258
40286
40298
40222
40400
40330
40190
40378
40222
40308
40390
40236
40314
40166
40354
40368
40298
40284
40152
40380
40216
40214
40124
40252
40294
40262
40328
40316
40230
40212
40228
40248
40370
40196
40316
40238
40332
40228
40212
40332
40302
40378
40142
40192
40294
40324
40272
40320
40250
40356
40280
40256
40192
40120
40232
40156
40306
40236
40272
40252
40248
40348
40134
40322
40140
40256
40354
40148
40180
40242
40248
40250
40324
40204
40220
40264
40386
40188
40256
40182
40280
40314
40290
40276
40386
40294
40256
40200
40244
40332
40216
40242
40274
40270
40290
40142
