25530
25658
25622
25648
25470
25562
25540
25392
25506
25558
25672
25586
25434
25474
25540
25428
25622
25468
25622
25560
25570
25622
25576
25608
25498
25536
25500
25458
25600
25552
25482
25562
25492
25506
25600
25536
25558
25524
25588
25620
25588
25582
25442
25580
25634
25558
25576
25496
25450
25448
25578
25440
25562
25532
25610
25550
25528
25494
25358
25446
25540
25454
25582
25586
25628
25570
25514
25562
25548
25492
25528
25640
25570
25582
25586
25520
25518
25470
25510
25520
25594
25412
25636
25532
25714
25518
25588
25588
25498
25474
25680
25566
25582
25568
25656
25592
25620
25600
25542
25432
25478
25508
25512
25604
25558
25566
25540
25500
25516
25448
25538
25474
25606
25528
25570
25666
25582
25450
25742
25404
25526
25536
25442
25540
25604
25676
25516
25570
25544
25494
25552
25540
25512
25526
25532
25504
25526
25588
25596
25536
25594
25424
25438
25422
25534
25570
25480
25416
25480
25440
25532
25674
25490
25566
25590
25608
25562
25446
25374
25668
25552
25634
25522
25608
25504
25630
25598
25542
25612
25604
25588
25466
25482
25546
25476
25434
25600
25408
25570
25502
25544
25440
25452
25594
25480
25610
25518
25522
25664
25532
25660
25538
25478
25480
25548
25602
25522
25642
25512
25572
25548
25552
25440
25608
25676
25480
25546
25506
25590
25514
25592
25558
25552
25522
25466
25470
25644
25448
25642
25578
25570
25502
25612
25542
25636
25588
25566
25588
25490
25664
25618
25524
25464
25532
25498
25442
25578
25506
25554
25460
25506
25634
25576
25594
25490
25454
25524
25664
25440
25576
25518
25580
25532
25544
25586
25522
25532
25496
25534
25566
25576
25646
25514
25622
25522
25628
25532
25542
25570
25580
25542
25588
25526
25670
25534
25670
25652
25534
25594
25484
25548
25494
25552
25488
25560
25590
25590
25612
25534
25532
25506
25546
25588
25518
25588
25466
25588
25604
25550
25588
25494
25600
25470
25666
25520
25554
25654
25592
25646
25594
25536
25522
25550
25542
25514
25662
25556
25542
25490
25544
25602
25458
25594
25526
25432
25564
25592
25520
25518
25614
25628
25496
25536
25440
25598
25496
25628
25558
25558
25476
25496
25614
25562
25622
25518
25520
25438
25592
25696
25538
25526
25524
25470
25624
25520
25620
25616
25530
25564
25560
25520
25584
25694
25486
25478
25488
25338
25592
25468
25468
25458
25636
25588
25574
25536
25562
25612
25558
25590
25600
25646
25588
25548
25632
25522
25544
25586
25614
25482
25584
25660
25624
25458
25538
25624
25534
25526
25390
25508
25488
25570
25518
25534
25560
25530
25610
25576
25584
25586
25490
25512
25594
25454
25512
25582
25540
25620
25608
25520
25630
25478
25494
25504
25612
25570
25546
25512
25576
25484
25422
25578
25468
25632
25566
25584
25490
25458
25508
25544
25374
25564
25562
25514
25570
25608
25450
25550
25542
25552
25584
25544
25566
25576
25668
25476
25542
25542
25624
25518
25636
25608
25496
25476
25594
25548
25520
25510
25542
25540
25602
25486
25492
25534
25478
25632
25480
25474
25658
25552
25606
25588
25622
25544
25562
25454
25668
25560
25538
25556
25678
25500
25610
25568
25502
25608
25532
25602
25508
25574
25588
