55270
55090
55124
55032
55088
55040
55186
55124
55194
55102
55152
55154
55032
55048
55162
55208
55236
55144
55072
55058
55014
54986
55318
55072
55230
55100
55202
55154
55076
55234
55046
55018
55038
55180
55208
55016
55112
55150
55158
55122
55134
55226
55154
55188
55030
55142
55120
55048
55204
55172
55074
55166
55056
55018
55084
55212
55120
55058
55122
55104
55250
55042
55022
55156
55170
55158
55134
55012
55142
55118
55214
55124
55142
55014
55048
55136
55058
55106
55138
55192
55102
55100
55050
55308
55146
55234
55226
55084
55162
54952
55112
55126
55038
54914
55022
55006
55094
55124
55160
54962
54982
55038
55090
55278
55054
55044
55222
55020
55030
55112
55074
55228
55080
55266
55282
55008
55146
54964
55124
55146
55208
55074
55128
55086
55110
54970
55044
55032
55220
55114
54980
55132
55160
55134
55082
55178
54846
55028
55102
55076
55150
54994
55060
55192
55164
55132
55046
55146
55136
55042
55010
54964
55092
55156
55056
55084
55106
55122
55256
55218
54964
55288
55074
55152
55338
54968
55292
55040
55036
54906
55052
55032
55104
55242
55010
54960
55062
54990
55052
55204
55154
55180
55058
55034
54942
55196
55182
55160
55184
55050
55142
55082
55232
55242
55024
55052
55232
55014
55158
55216
55184
54938
55056
55116
55158
55036
54992
55012
55168
54918
55164
55214
55082
55160
55174
55132
55052
55168
55210
55204
54918
54988
55124
54956
55074
55090
55180
54982
55316
55092
55140
55206
55214
54940
55110
55114
54924
55134
54986
55130
55124
55156
55136
55108
55158
55128
55146
55136
55286
55112
54926
55186
55332
55146
55076
55192
55082
55006
55290
55162
55092
54982
54992
55194
55104
55176
55090
55086
55096
55178
55182
55128
55088
55240
55070
55076
55162
55022
55098
55080
55340
55138
55136
55164
55256
55182
55128
55038
55040
55304
55208
55056
55188
55126
55030
55080
55158
55154
55336
55028
55032
55188
55144
55032
55066
55140
55050
55096
55132
55046
55214
55012
55050
55106
55216
55056
55124
55134
55116
55038
55062
54970
55192
54984
55076
55122
55086
55006
55140
55168
54992
55232
55024
55416
55058
55020
55100
55136
55130
55072
55016
54996
55030
55238
55066
55122
55166
55122
55040
55120
54884
55068
55062
55026
55136
55086
55116
55042
55214
55142
55082
55034
55110
55210
54882
55228
55152
55042
55064
54960
55126
55114
55226
55164
55182
55076
55134
55194
55202
55076
55158
55166
55172
55134
55128
55216
55154
55152
55166
55234
55202
55222
55164
55136
55130
54968
55070
55258
55212
55072
55106
55124
55018
55218
55056
55194
55036
55244
55116
55076
55164
54984
55114
55208
55158
55190
55156
55080
55116
55030
55048
55150
55156
55234
55198
55136
55140
55092
55076
55102
55046
55176
55098
55020
55100
55192
55036
55238
55088
55100
55042
55028
55146
55030
55074
55072
55030
55270
55192
55076
55030
55160
55070
55152
55088
55070
55028
55060
55224
55112
55160
54996
55112
55194
55048
55162
55000
55106
55092
55080
55074
55298
55044
55222
55114
55268
55382
55158
55132
55268
55104
55050
55114
55154
55134
55254
55136
55070
55190
55234
55118
55116
55144
55136
55130
55140
55020
55126
55088
54972
