12732
12734
12734
12724
12720
12726
12722
12732
12722
12742
12730
12722
12724
12724
12732
12724
12744
12732
12708
12718
12716
12732
12738
12724
12716
12724
12724
12728
12730
12718
12744
12730
12724
12724
12724
12716
12724
12720
12724
12734
12736
12728
12732
12728
12726
12710
12732
12722
12730
12734
12728
12720
12724
12736
12742
12740
12724
12734
12728
12736
12732
12712
12728
12736
12728
12722
12726
12726
12730
12734
12728
12734
12722
12716
12714
12720
12726
12734
12730
12724
12714
12726
12740
12724
12732
12728
12736
12720
12726
12718
12736
12730
12742
12726
12730
12726
12736
12714
12722
12722
12730
12720
12716
12722
12734
12734
12714
12724
12718
12730
12724
12732
12716
12738
12726
12706
12734
12722
12726
12722
12736
12720
12734
12734
12722
12732
12716
12718
12724
12728
12722
12730
12722
12724
12730
12728
12722
12728
12716
12718
12720
12736
12730
12712
12722
12720
12716
12728
12722
12722
12722
12726
12728
12742
12724
12728
12736
12742
12740
12722
12728
12728
12728
12718
12722
12730
12738
12724
12722
12724
12728
12720
12714
12724
12720
12712
12726
12714
12718
12732
12732
12722
12710
12736
12720
12742
12720
12726
12716
12736
12716
12732
12730
12724
12744
12732
12736
12744
12734
12726
12728
12724
12734
12740
12732
12716
12714
12728
12726
12728
12730
12728
12724
12722
12730
12724
12722
12726
12736
12722
12726
12730
12718
12714
12710
12728
12724
12718
12718
12736
12728
12718
12722
12730
12718
12726
12726
12726
12726
12734
12732
12730
12718
12722
12736
12728
12726
12734
12728
12732
12726
12718
12724
12722
12736
12724
12720
12732
12724
12726
12740
12716
12732
12724
12728
12726
12736
12730
12730
12716
12728
12720
12732
12726
12722
12720
12734
12744
12726
12706
12728
12730
12726
12746
12714
12720
12742
12724
12736
12728
12728
12726
12736
12720
12742
12732
12734
12732
12730
12734
12724
12722
12716
12730
12726
12730
12724
12720
12738
12724
12736
12736
12730
12734
12728
12730
12714
12724
12718
12734
12714
12724
12722
12730
12728
12730
12724
12728
12718
12716
12734
12722
12724
12734
12734
12732
12738
12734
12722
12722
12720
12722
12724
12726
12724
12724
12718
12716
12722
12720
12712
12720
12726
12738
12738
12726
12716
12708
12728
12726
12734
12732
12722
12716
12714
12732
12732
12746
12718
12742
12728
12736
12726
12730
12726
12732
12730
12730
12724
12732
12736
12724
12718
12716
12720
12730
12726
12726
12730
12738
12726
12734
12724
12726
12726
12732
12730
12724
12720
12720
12724
12734
12728
12730
12734
12730
12708
12720
12732
12726
12732
12728
12730
12742
12746
12720
12716
12716
12732
12720
12732
12728
12742
12730
12724
12738
12732
12726
12738
12742
12734
12738
12732
12718
12746
12732
12738
12722
12702
12722
12732
12730
12730
12732
12726
12734
12708
12732
12722
12724
12734
12736
12738
12724
12726
12714
12744
12728
12732
12744
12714
12710
12720
12724
12714
12734
12708
12738
12726
12722
12724
12726
12726
12732
12720
12732
12708
12736
12734
12728
12726
12722
12718
12744
12724
12730
12720
12728
12732
12730
12726
12732
12728
12708
12732
12736
12730
12738
12728
12724
