27448
27424
27434
27402
27398
27418
27404
27408
27452
27416
27390
27386
27400
27402
27390
27406
27418
27392
27368
27368
27398
27400
27396
27402
27404
27404
27426
27404
27468
27450
27392
27412
27402
27438
27436
27376
27398
27432
27410
27416
27468
27428
27440
27430
27446
27444
27384
27424
27430
27414
27436
27462
27372
27386
27406
27394
27422
27462
27450
27422
27420
27438
27392
27394
27414
27416
27396
27444
27386
27464
27412
27434
27418
27424
27392
27406
27468
27390
27434
27432
27396
27410
27416
27396
27444
27390
27406
27456
27434
27418
27382
27456
27382
27436
27400
27370
27428
27422
27428
27398
27434
27364
27406
27432
27398
27394
27454
27446
27406
27416
27418
27442
27416
27416
27434
27382
27394
27440
27430
27370
27462
27396
27422
27450
27450
27464
27414
27406
27460
27434
27430
27408
27374
27408
27398
27446
27388
27462
27412
27366
27452
27476
27432
27424
27430
27394
27380
27432
27448
27420
27404
27414
27346
27400
27414
27436
27454
27474
27422
27404
27416
27390
27402
27400
27428
27394
27396
27364
27424
27434
27448
27402
27420
27434
27434
27362
27424
27416
27412
27408
27440
27432
27458
27396
27398
27390
27404
27412
27454
27388
27454
27410
27372
27466
27386
27366
27346
27428
27376
27442
27404
27406
27424
27462
27374
27426
27432
27406
27396
27412
27372
27442
27412
27366
27412
27414
27404
27376
27434
27470
27424
27416
27382
27400
27430
27462
27384
27424
27410
27442
27388
27460
27410
27412
27392
27448
27432
27436
27378
27464
27426
27402
27466
27384
27396
27414
27420
27394
27412
27448
27426
27436
27424
27424
27408
27420
27448
27436
27398
27442
27396
27410
27372
27464
27396
27424
27444
27394
27388
27424
27400
27440
27428
27426
27430
27414
27426
27400
27440
27384
27438
27432
27422
27438
27394
27414
27384
27446
27418
27394
27450
27418
27406
27404
27402
27420
27462
27380
27402
27416
27378
27418
27420
27416
27406
27418
27428
27416
27390
27406
27432
27394
27408
27408
27374
27432
27428
27434
27462
27402
27418
27386
27434
27416
27432
27416
27396
27390
27438
27414
27390
27394
27432
27386
27390
27396
27470
27414
27420
27394
27430
27412
27392
27454
27372
27440
27422
27418
27406
27408
27408
27370
27394
27394
27444
27456
27406
27466
27444
27414
27410
27416
27418
27386
27424
27470
27446
27406
27456
27462
27406
27466
27406
27400
27414
27374
27386
27406
27442
27424
27440
27420
27450
27402
27440
27402
27424
27456
27398
27424
27440
27396
27436
27380
27406
27416
27378
27344
27402
27404
27462
27476
27402
27412
27432
27412
27444
27400
27452
27402
27410
27434
27466
27438
27382
27410
27426
27444
27438
27404
27468
27386
27412
27390
27418
27436
27438
27434
27404
27458
27458
27440
27420
27412
27438
27428
27432
27410
27404
27420
27400
27420
27348
27416
27408
27402
27404
27442
27384
27416
27396
27398
27456
27432
27444
27386
27426
27468
27422
27416
27428
27386
27430
27424
27436
27378
27406
27412
27436
27440
27412
27442
27384
27422
27388
27404
27402
27446
27440
27380
27400
27420
27434
27352
27418
27436
27398
27380
27412
27450
27408
27444
27388
27434
27456
27426
27368
27424
27404
27410
