43316
43274
43308
43306
43234
43252
43320
43270
43306
43368
43312
43280
43340
43328
43320
43332
43300
43364
43250
43252
43278
43290
43270
43306
43304
43322
43308
43292
43266
43260
43274
43214
43300
43268
43332
43292
43272
43278
43312
43250
43284
43264
43322
43336
43250
43326
43256
43322
43348
43250
43258
43286
43256
43252
43276
43290
43288
43314
43244
43330
43266
43354
43292
43364
43300
43302
43322
43308
43316
43288
43306
43278
43272
43292
43322
43290
43328
43274
43320
43278
43330
43302
43254
43276
43284
43288
43346
43322
43276
43312
43322
43298
43344
43286
43306
43350
43298
43298
43256
43240
43322
43264
43278
43316
43248
43298
43302
43242
43258
43284
43334
43296
43270
43316
43232
43350
43268
43266
43296
43296
43350
43236
43326
43304
43320
43310
43292
43284
43284
43276
43290
43298
43356
43312
43240
43302
43330
43228
43286
43280
43326
43320
43292
43294
43272
43288
43290
43258
43290
43270
43312
43240
43304
43336
43306
43270
43284
43328
43266
43316
43230
43314
43270
43272
43256
43308
43252
43282
43310
43302
43272
43304
43380
43292
43246
43314
43268
43246
43318
43266
43298
43294
43256
43312
43276
43282
43328
43300
43284
43246
43240
43256
43330
43362
43282
43264
43314
43268
43308
43266
43280
43276
43272
43298
43304
43288
43292
43282
43294
43282
43322
43272
43324
43274
43262
43292
43316
43310
43286
43308
43268
43276
43330
43302
43288
43218
43304
43250
43308
43268
43300
43348
43270
43258
43318
43264
43296
43306
43262
43250
43278
43194
43272
43288
43290
43314
43346
43284
43266
43256
43272
43260
43324
43286
43248
43288
43310
43294
43272
43298
43250
43288
43240
43270
43320
43318
43360
43266
43298
43304
43270
43322
43252
43248
43282
43268
43276
43304
43268
43304
43352
43280
43268
43334
43338
43278
43316
43310
43332
43288
43312
43318
43268
43278
43298
43264
43328
43230
43244
43260
43304
43258
43278
43248
43282
43284
43304
43306
43248
43248
43284
43310
43312
43310
43250
43326
43298
43296
43308
43280
43344
43290
43272
43284
43296
43286
43280
43276
43314
43272
43284
43314
43332
43286
43272
43328
43298
43268
43274
43318
43258
43296
43246
43302
43336
43274
43282
43322
43318
43242
43300
43300
43296
43304
43316
43338
43324
43264
43312
43326
43290
43336
43244
43314
43306
43294
43244
43302
43328
43226
43310
43346
43326
43318
43264
43336
43300
43328
43236
43294
43270
43284
43320
43244
43330
43286
43328
43256
43346
43304
43288
43282
43276
43282
43262
43264
43246
43298
43304
43342
43318
43306
43242
43338
43244
43282
43312
43308
43322
43298
43312
43326
43272
43294
43252
43330
43274
43262
43264
43282
43282
43300
43310
43298
43278
43288
43288
43282
43350
43310
43298
43274
43258
43336
43294
43290
43266
43344
43314
43338
43296
43344
43292
43260
43282
43284
43270
43266
43300
43276
43314
43270
43262
43332
43356
43332
43308
43274
43252
43274
43280
43342
43338
43288
43258
43310
43230
43302
43260
43312
43252
43250
43346
43346
43338
43276
43234
43306
43254
43304
43282
43356
43278
43342
43364
43306
43284
43298
43320
43294
43332
43236
43278
43342
43320
43308
43288
43258
43310
43250
