59190
59142
59204
59276
59214
59220
59284
59190
59252
59170
59220
59230
59180
59234
59266
59184
59220
59226
59214
59198
59208
59242
59278
59254
59224
59182
59186
59216
59156
59236
59224
59188
59180
59230
59220
59156
59150
59248
59202
59186
59170
59254
59150
59196
59320
59220
59210
59226
59176
59192
59220
59232
59180
59206
59240
59248
59182
59204
59194
59216
59140
59182
59160
59222
59204
59210
59192
59320
59092
59196
59220
59254
59212
59156
59174
59236
59272
59198
59184
59182
59234
59214
59210
59190
59216
59274
59206
59256
59202
59176
59224
59270
59230
59202
59222
59254
59226
59202
59196
59196
59174
59232
59218
59274
59228
59216
59240
59224
59150
59180
59230
59208
59198
59170
59200
59212
59238
59304
59156
59220
59216
59180
59248
59206
59210
59236
59224
59258
59204
59234
59156
59208
59250
59244
59186
59188
59248
59224
59182
59234
59248
59222
59228
59196
59196
59214
59244
59220
59150
59254
59168
59206
59210
59142
59166
59172
59182
59220
59202
59196
59234
59276
59202
59236
59190
59190
59230
59214
59200
59242
59228
59198
59208
59168
59182
59272
59116
59268
59204
59250
59214
59130
59266
59234
59152
59188
59194
59230
59206
59126
59146
59242
59224
59184
59218
59196
59202
59186
59238
59180
59228
59230
59242
59166
59270
59150
59216
59176
59218
59258
59192
59236
59208
59272
59168
59214
59230
59236
59246
59206
59212
59226
59194
59246
59236
59250
59210
59154
59192
59218
59230
59162
59274
59252
59190
59194
59206
59160
59192
59196
59230
59220
59210
59222
59214
59166
59194
59194
59190
59246
59256
59250
59222
59220
59202
59278
59214
59266
59266
59226
59172
59194
59252
59216
59256
59208
59184
59238
59138
59292
59246
59248
59238
59166
59244
59236
59190
59156
59308
59232
59214
59178
59146
59240
59264
59192
59218
59262
59238
59228
59192
59190
59168
59178
59248
59274
59224
59252
59202
59272
59246
59190
59218
59206
59258
59202
59184
59286
59248
59206
59230
59222
59176
59216
59346
59294
59288
59204
59206
59208
59110
59260
59204
59200
59200
59186
59228
59226
59234
59246
59192
59206
59150
59198
59236
59220
59192
59218
59234
59230
59224
59204
59258
59236
59236
59224
59270
59292
59186
59218
59266
59220
59202
59248
59244
59260
59208
59258
59140
59232
59200
59228
59270
59228
59254
59246
59258
59250
59204
59190
59166
59200
59196
59170
59256
59248
59234
59218
59200
59170
59236
59200
59242
59158
59210
59266
59252
59202
59148
59212
59216
59168
59204
59192
59262
59210
59146
59188
59212
59250
59198
59194
59264
59226
59244
59194
59182
59182
59224
59292
59240
59268
59184
59212
59262
59270
59188
59156
59210
59262
59244
59210
59208
59214
59246
59234
59226
59202
59172
59210
59208
59258
59270
59208
59188
59274
59204
59208
59156
59262
59224
59196
59234
59192
59190
59198
59204
59242
59138
59222
59200
59236
59278
59238
59202
59212
59256
59196
59206
59244
59202
59232
59196
59222
59186
59234
59202
59210
59236
59240
59212
59250
59236
59256
59194
59272
59140
59164
59226
59238
59222
59288
59220
59168
59224
59212
59242
59196
59214
59232
59214
59188
59232
59206
59252
59250
59238
59230
59238
59218
