5868
5892
5904
5894
5862
5874
5892
5862
5886
5868
5874
5864
5880
5866
5878
5904
5892
5884
5896
5894
5902
5876
5888
5866
5868
5874
5898
5910
5884
5904
5832
5912
5908
5942
5876
5878
5916
5894
5878
5900
5886
5846
5906
5890
5876
5870
5908
5878
5876
5904
5892
5882
5890
5876
5890
5854
5900
5878
5884
5858
5890
5874
5844
5904
5902
5900
5866
5880
5914
5904
5868
5890
5894
5914
5912
5880
5900
5896
5872
5848
5890
5872
5862
5866
5898
5892
5912
5872
5900
5866
5846
5902
5854
5896
5914
5902
5874
5882
5856
5874
5898
5912
5894
5886
5902
5856
5890
5894
5888
5878
5862
5850
5874
5892
5890
5882
5908
5872
5880
5882
5896
5898
5912
5874
5864
5864
5894
5894
5870
5870
5892
5896
5894
5890
5864
5878
5896
5888
5890
5892
5878
5888
5884
5894
5882
5846
5878
5890
5904
5870
5926
5874
5884
5846
5890
5866
5902
5856
5868
5884
5872
5892
5884
5860
5890
5880
5924
5892
5892
5870
5880
5882
5890
5872
5890
5876
5876
5880
5902
5862
5830
5862
5898
5880
5870
5872
5834
5896
5892
5876
5882
5892
5868
5842
5898
5894
5868
5900
5888
5876
5906
5892
5892
5888
5874
5886
5910
5888
5880
5868
5918
5920
5876
5914
5864
5900
5862
5876
5854
5894
5892
5884
5854
5880
5900
5868
5894
5900
5898
5870
5898
5896
5862
5898
5870
5896
5850
5884
5888
5896
5862
5854
5870
5904
5896
5902
5894
5882
5896
5862
5908
5876
5896
5886
5896
5870
5878
5916
5884
5870
5884
5876
5876
5850
5894
5904
5864
5916
5874
5856
5880
5862
5876
5862
5892
5860
5882
5902
5860
5868
5860
5872
5872
5868
5872
5878
5870
5918
5880
5836
5882
5896
5848
5866
5902
5892
5894
5878
5862
5876
5896
5902
5858
5890
5852
5896
5942
5872
5876
5904
5870
5890
5870
5874
5884
5874
5868
5862
5926
5888
5898
5904
5924
5824
5864
5866
5904
5890
5896
5910
5860
5892
5882
5898
5894
5852
5884
5854
5870
5862
5864
5880
5876
5886
5864
5904
5890
5872
5874
5874
5876
5894
5840
5894
5890
5894
5872
5898
5874
5866
5878
5834
5876
5900
5898
5882
5900
5860
5900
5882
5884
5880
5874
5888
5856
5894
5864
5876
5862
5860
5880
5858
5898
5874
5910
5890
5862
5878
5892
5898
5916
5892
5914
5868
5872
5896
5850
5898
5890
5874
5910
5910
5892
5916
5854
5902
5882
5872
5864
5916
5920
5852
5900
5898
5872
5876
5862
5906
5892
5888
5862
5864
5884
5874
5868
5896
5898
5876
5904
5896
5904
5896
5886
5874
5870
5888
5894
5890
5904
5890
5888
5864
5900
5888
5896
5880
5872
5900
5858
5892
5806
5904
5890
5890
5882
5876
5882
5866
5892
5876
5896
5908
5894
5878
5884
5884
5862
5854
5870
5864
5890
5884
5852
5876
5920
5906
5850
5884
5892
5892
5886
5850
5870
5900
5852
5870
5898
5882
5890
5880
5860
5916
5866
5876
5890
5896
5886
5868
5910
5890
