3536
3568
3610
3518
3490
3546
3532
3554
3536
3548
3588
3524
3640
3564
3526
3554
3606
3542
3572
3544
3570
3588
3634
3524
3546
3560
3630
3616
3542
3538
3618
3604
3556
3600
3612
3600
3632
3598
3556
3570
3528
3480
3586
3604
3636
3566
3564
3582
3516
3630
3570
3612
3578
3458
3584
3620
3608
3544
3532
3540
3506
3592
3566
3570
3506
3522
3552
3478
3508
3614
3624
3474
3560
3604
3498
3538
3536
3540
3524
3574
3484
3576
3648
3546
3592
3530
3516
3626
3572
3558
3534
3442
3614
3660
3540
3564
3554
3598
3562
3604
3582
3554
3448
3598
3574
3632
3626
3568
3540
3580
3608
3538
3508
3584
3576
3588
3516
3606
3662
3558
3622
3512
3514
3554
3568
3512
3486
3474
3520
3620
3568
3596
3468
3514
3554
3568
3602
3674
3506
3542
3540
3552
3562
3596
3502
3600
3520
3500
3648
3660
3542
3566
3698
3520
3592
3560
3534
3548
3524
3604
3544
3656
3538
3562
3600
3568
3592
3518
3556
3662
3624
3570
3516
3596
3540
3518
3578
3588
3636
3628
3540
3618
3512
3558
3546
3622
3578
3540
3632
3548
3416
3538
3492
3612
3562
3594
3586
3602
3562
3546
3550
3604
3544
3514
3524
3542
3578
3536
3508
3600
3618
3594
3578
3546
3588
3586
3478
3610
3652
3588
3626
3568
3598
3602
3560
3548
3624
3520
3548
3542
3586
3534
3528
3616
3558
3574
3532
3526
3540
3556
3572
3606
3618
3616
3466
3654
3554
3544
3548
3576
3544
3518
3638
3536
3596
3568
3554
3576
3564
3560
3630
3574
3580
3514
3466
3582
3560
3622
3560
3632
3556
3600
3618
3556
3586
3552
3592
3694
3472
3586
3700
3486
3548
3524
3584
3570
3682
3570
3640
3554
3604
3524
3524
3550
3588
3500
3558
3528
3554
3594
3558
3478
3592
3644
3702
3554
3516
3544
3546
3652
3576
3590
3638
3588
3500
3478
3522
3556
3522
3590
3548
3502
3516
3592
3468
3580
3620
3502
3564
3532
3610
3548
3680
3552
3594
3570
3492
3542
3520
3586
3586
3570
3578
3500
3520
3646
3462
3558
3520
3512
3570
3526
3536
3608
3556
3610
3548
3576
3642
3550
3618
3484
3490
3548
3620
3564
3516
3616
3540
3516
3572
3500
3576
3606
3506
3546
3522
3610
3518
3528
3578
3524
3564
3548
3574
3528
3504
3548
3510
3544
3580
3578
3500
3580
3414
3538
3560
3542
3542
3520
3488
3508
3528
3586
3548
3612
3496
3548
3542
3540
3598
3570
3554
3506
3596
3556
3562
3508
3614
3530
3584
3588
3604
3512
3554
3576
3648
3564
3534
3534
3630
3528
3588
3538
3464
3570
3542
3528
3500
3606
3576
3610
3544
3562
3486
3632
3654
3584
3532
3616
3616
3640
3486
3606
3598
3564
3510
3590
3634
3520
3564
3540
3636
3552
3596
3472
3570
3632
3486
3576
3600
3546
3556
3510
3586
3490
3644
3582
3548
3496
3510
3544
3506
3526
3624
3490
3498
3568
3540
3618
3636
3612
3462
3474
3630
3566
3554
3582
3588
3570
