8806
8808
8834
8832
8816
8816
8860
8846
8858
8888
8854
8868
8844
8806
8810
8852
8856
8838
8812
8852
8834
8838
8844
8808
8852
8822
8788
8814
8830
8826
8770
8796
8872
8810
8840
8796
8808
8810
8828
8824
8808
8840
8862
8792
8862
8776
8820
8840
8812
8812
8794
8812
8848
8816
8832
8828
8796
8820
8848
8804
8806
8788
8878
8826
8858
8826
8840
8848
8834
8800
8872
8810
8828
8838
8836
8782
8834
8856
8840
8822
8850
8832
8838
8896
8836
8818
8832
8814
8822
8822
8812
8838
8860
8838
8870
8816
8840
8834
8850
8886
8820
8788
8838
8844
8828
8836
8840
8886
8854
8794
8830
8816
8794
8840
8852
8816
8806
8812
8876
8824
8826
8838
8836
8854
8838
8768
8868
8804
8754
8856
8830
8852
8834
8868
8834
8820
8840
8842
8860
8840
8844
8810
8842
8852
8822
8830
8778
8850
8842
8842
8856
8800
8818
8850
8844
8840
8830
8836
8816
8830
8812
8836
8864
8836
8832
8866
8832
8860
8864
8792
8754
8804
8880
8854
8868
8824
8812
8808
8820
8812
8856
8816
8858
8824
8844
8830
8826
8798
8826
8836
8854
8848
8846
8838
8810
8826
8778
8858
8838
8816
8810
8788
8876
8818
8840
8850
8858
8808
8816
8818
8838
8796
8820
8802
8834
8822
8784
8794
8806
8824
8824
8842
8842
8826
8848
8810
8830
8766
8852
8804
8780
8820
8840
8828
8814
8884
8832
8802
8826
8782
8796
8842
8844
8844
8846
8828
8868
8828
8856
8846
8826
8842
8860
8820
8794
8848
8836
8810
8782
8816
8846
8762
8792
8746
8830
8836
8798
8838
8846
8832
8786
8834
8824
8836
8826
8814
8772
8822
8838
8800
8846
8876
8838
8812
8820
8856
8818
8798
8844
8844
8834
8836
8818
8788
8820
8824
8860
8824
8802
8830
8848
8834
8854
8816
8850
8826
8838
8834
8844
8854
8848
8832
8820
8852
8810
8834
8804
8844
8844
8844
8840
8844
8828
8836
8860
8820
8840
8816
8828
8860
8854
8856
8834
8842
8816
8848
8804
8820
8830
8816
8840
8836
8832
8836
8792
8848
8820
8820
8832
8818
8806
8860
8786
8858
8884
8864
8848
8870
8830
8870
8838
8856
8790
8872
8826
8850
8860
8792
8860
8814
8810
8852
8812
8844
8856
8820
8876
8834
8842
8848
8816
8832
8840
8844
8792
8826
8830
8806
8846
8812
8848
8874
8862
8792
8866
8848
8822
8786
8844
8784
8842
8840
8872
8856
8830
8840
8800
8846
8812
8820
8784
8830
8866
8822
8836
8860
8848
8850
8840
8872
8838
8840
8826
8832
8790
8848
8838
8832
8848
8828
8870
8798
8814
8848
8844
8750
8804
8864
8842
8818
8840
8870
8816
8818
8784
8740
8798
8874
8822
8818
8860
8806
8800
8834
8820
8874
8818
8798
8860
8836
8828
8826
8820
8826
8874
8790
8860
8872
8826
8836
8804
8838
8838
8802
8828
8830
8854
8820
8788
8842
8828
8798
8824
8850
8818
8846
8826
8834
8794
8824
8850
8870
8844
8882
8868
8858
8836
8846
8798
8838
