2384
2380
2374
2358
2340
2376
2334
2358
2348
2414
2416
2426
2354
2360
2366
2302
2424
2382
2398
2400
2330
2396
2368
2330
2364
2394
2314
2434
2426
2378
2422
2346
2354
2332
2304
2378
2358
2376
2380
2364
2308
2424
2406
2392
2362
2354
2374
2376
2358
2336
2376
2302
2322
2446
2372
2380
2410
2382
2340
2376
2410
2428
2330
2358
2396
2396
2406
2308
2342
2326
2446
2364
2352
2382
2316
2322
2362
2376
2388
2312
2392
2392
2352
2466
2324
2322
2350
2348
2332
2356
2364
2360
2354
2396
2468
2368
2372
2386
2354
2366
2394
2386
2344
2394
2332
2372
2330
2348
2384
2402
2374
2336
2416
2380
2434
2362
2398
2378
2380
2382
2324
2374
2382
2380
2330
2420
2336
2398
2394
2402
2324
2312
2428
2400
2426
2312
2398
2380
2364
2336
2414
2320
2328
2370
2380
2400
2396
2356
2350
2460
2326
2394
2364
2304
2366
2344
2310
2326
2390
2310
2338
2364
2352
2394
2356
2322
2374
2360
2404
2348
2422
2390
2378
2394
2398
2398
2324
2358
2362
2332
2332
2422
2366
2376
2392
2444
2364
2364
2366
2376
2356
2374
2398
2412
2364
2342
2306
2368
2406
2384
2308
2336
2346
2348
2394
2290
2398
2324
2424
2336
2344
2342
2392
2460
2410
2366
2384
2442
2376
2302
2418
2288
2384
2350
2358
2438
2356
2334
2358
2370
2386
2412
2402
2330
2378
2396
2364
2332
2416
2418
2388
2362
2370
2352
2360
2334
2344
2392
2390
2352
2396
2320
2388
2386
2362
2362
2402
2398
2336
2320
2348
2310
2422
2374
2406
2410
2408
2416
2384
2384
2376
2322
2470
2396
2354
2336
2342
2366
2386
2394
2380
2388
2360
2392
2450
2430
2406
2394
2394
2416
2416
2400
2368
2448
2332
2384
2448
2358
2380
2370
2346
2358
2328
2380
2408
2440
2360
2338
2350
2290
2358
2452
2332
2374
2392
2402
2376
2368
2354
2346
2402
2342
2340
2380
2378
2312
2340
2372
2322
2414
2312
2358
2368
2344
2490
2366
2346
2386
2364
2442
2466
2352
2446
2364
2336
2336
2280
2398
2412
2384
2346
2380
2354
2396
2370
2346
2448
2434
2388
2392
2352
2376
2422
2384
2328
2372
2432
2364
2296
2440
2336
2390
2376
2372
2426
2398
2358
2460
2404
2350
2378
2390
2346
2368
2390
2390
2398
2392
2328
2420
2356
2296
2362
2338
2368
2414
2372
2346
2372
2422
2378
2392
2398
2352
2340
2358
2382
2372
2414
2362
2366
2302
2402
2392
2366
2370
2364
2382
2466
2376
2394
2362
2346
2362
2448
2374
2396
2364
2364
2374
2368
2392
2346
2446
2436
2412
2314
2316
2368
2342
2340
2350
2360
2390
2346
2394
2332
2382
2300
2358
2332
2302
2330
2368
2294
2374
2396
2398
2406
2380
2374
2384
2320
2322
2344
2384
2370
2334
2388
2362
2348
2378
2456
2342
2328
2410
2392
2340
2336
2414
2330
2372
2352
2390
2390
2430
2390
2340
2406
2428
2312
2340
2398
2390
2370
2386
2394
2354
2342
2380
