11778
11746
11796
11804
11792
11810
11748
11754
11784
11714
11768
11804
11728
11804
11764
11764
11808
11798
11774
11744
11760
11762
11778
11740
11812
11802
11762
11816
11792
11828
11796
11782
11778
11834
11778
11796
11754
11772
11794
11788
11798
11818
11786
11824
11772
11730
11730
11808
11774
11834
11784
11802
11778
11798
11728
11738
11740
11822
11804
11764
11776
11812
11784
11722
11778
11796
11768
11806
11746
11824
11760
11740
11796
11764
11728
11728
11798
11788
11798
11728
11782
11798
11786
11798
11768
11774
11788
11750
11768
11756
11808
11782
11748
11772
11756
11780
11786
11786
11818
11810
11826
11782
11794
11772
11802
11744
11752
11750
11800
11764
11796
11748
11792
11788
11738
11756
11806
11742
11748
11802
11746
11788
11730
11752
11818
11786
11762
11806
11766
11774
11738
11792
11822
11786
11782
11828
11770
11768
11774
11798
11810
11772
11764
11782
11754
11760
11778
11772
11800
11756
11776
11786
11738
11730
11746
11800
11780
11778
11778
11790
11790
11742
11762
11768
11784
11814
11780
11758
11828
11750
11820
11792
11776
11782
11744
11774
11758
11774
11744
11716
11804
11774
11842
11772
11748
11760
11818
11780
11766
11750
11740
11772
11802
11786
11708
11754
11764
11776
11788
11782
11784
11750
11808
11816
11794
11796
11802
11754
11814
11782
11798
11786
11740
11776
11802
11736
11790
11706
11802
11754
11782
11826
11748
11776
11762
11752
11766
11810
11792
11760
11764
11744
11698
11768
11778
11790
11778
11776
11804
11790
11812
11814
11724
11818
11766
11818
11724
11772
11746
11772
11804
11804
11754
11796
11754
11812
11764
11788
11698
11762
11774
11712
11756
11778
11772
11770
11790
11816
11762
11804
11780
11792
11812
11814
11782
11776
11772
11806
11766
11772
11788
11814
11806
11758
11776
11744
11782
11758
11784
11796
11722
11744
11732
11762
11824
11790
11742
11784
11808
11812
11744
11778
11790
11768
11784
11788
11768
11786
11808
11782
11744
11794
11798
11758
11776
11728
11788
11750
11772
11768
11738
11780
11782
11792
11784
11838
11740
11772
11774
11742
11782
11776
11800
11752
11786
11820
11780
11778
11770
11750
11778
11724
11750
11778
11760
11778
11704
11818
11776
11746
11800
11762
11784
11828
11768
11728
11768
11788
11760
11790
11752
11740
11762
11824
11760
11790
11796
11792
11794
11804
11792
11772
11810
11774
11782
11748
11790
11766
11766
11842
11788
11750
11726
11766
11786
11730
11800
11780
11756
11776
11748
11760
11750
11768
11786
11802
11788
11746
11798
11774
11792
11768
11794
11784
11786
11780
11766
11780
11770
11784
11766
11802
11808
11712
11792
11724
11822
11794
11844
11810
11732
11794
11816
11792
11772
11772
11770
11768
11736
11796
11728
11760
11756
11822
11798
11834
11800
11742
11738
11774
11778
11812
11772
11780
11794
11804
11808
11770
11812
11726
11770
11790
11798
11782
11742
11796
11812
11796
11750
11780
11760
11742
11754
11780
11800
11780
11834
11776
11756
11750
11790
11806
11718
11774
11760
11776
11780
11788
11758
11784
11738
11742
11762
11766
11804
11784
11758
11772
11770
11770
11780
11780
11796
11796
11836
11826
11794
11802
11786
11804
