1184
1192
1150
1194
1206
1160
1228
1176
1194
1196
1208
1150
1246
1150
1198
1222
1216
1152
1210
1164
1194
1146
1200
1216
1200
1210
1186
1176
1182
1204
1208
1196
1154
1220
1198
1158
1210
1200
1222
1208
1156
1166
1216
1196
1198
1172
1206
1144
1164
1198
1196
1138
1188
1138
1224
1172
1192
1176
1208
1154
1168
1198
1188
1198
1208
1156
1162
1138
1166
1202
1160
1146
1182
1200
1180
1142
1210
1196
1168
1222
1170
1220
1176
1202
1202
1182
1216
1196
1170
1168
1196
1182
1196
1208
1168
1164
1184
1158
1146
1210
1182
1232
1160
1236
1170
1190
1222
1156
1232
1204
1198
1150
1184
1226
1208
1188
1192
1194
1162
1186
1160
1164
1192
1182
1206
1212
1174
1178
1194
1164
1248
1188
1178
1164
1168
1184
1210
1144
1160
1180
1198
1160
1158
1164
1212
1168
1170
1178
1198
1208
1210
1212
1174
1178
1210
1166
1158
1168
1162
1200
1178
1246
1168
1184
1194
1172
1172
1164
1190
1198
1174
1210
1218
1168
1176
1200
1234
1196
1190
1198
1158
1190
1152
1160
1218
1156
1184
1194
1150
1184
1198
1184
1154
1146
1186
1140
1180
1148
1216
1136
1240
1196
1228
1164
1192
1164
1214
1186
1186
1172
1156
1182
1188
1186
1208
1182
1176
1160
1162
1170
1234
1222
1218
1210
1182
1184
1182
1172
1194
1174
1200
1188
1150
1192
1200
1166
1222
1158
1176
1242
1194
1256
1186
1142
1208
1172
1208
1160
1192
1230
1224
1244
1128
1198
1230
1244
1172
1194
1204
1178
1218
1248
1206
1194
1146
1236
1194
1196
1182
1174
1194
1194
1164
1144
1182
1190
1184
1154
1178
1164
1226
1208
1216
1222
1170
1212
1184
1228
1202
1158
1206
1220
1196
1192
1200
1164
1154
1204
1156
1182
1160
1236
1166
1172
1186
1160
1200
1184
1160
1178
1174
1208
1174
1240
1180
1156
1172
1238
1130
1204
1200
1208
1200
1152
1222
1148
1206
1230
1178
1174
1176
1206
1236
1184
1196
1196
1174
1178
1250
1198
1156
1176
1216
1202
1204
1196
1170
1206
1174
1194
1162
1182
1194
1220
1156
1244
1172
1172
1170
1182
1152
1190
1198
1184
1174
1214
1218
1166
1226
1162
1194
1168
1192
1208
1186
1200
1196
1212
1186
1160
1192
1194
1220
1182
1218
1192
1170
1222
1190
1184
1198
1186
1230
1166
1164
1212
1210
1224
1190
1140
1200
1184
1206
1168
1166
1180
1162
1166
1192
1190
1196
1202
1200
1188
1196
1202
1188
1196
1158
1170
1224
1202
1154
1220
1148
1156
1192
1206
1188
1150
1192
1214
1198
1194
1214
1240
1204
1210
1194
1194
1186
1196
1270
1178
1148
1190
1114
1174
1234
1208
1208
1192
1198
1188
1156
1218
1146
1222
1182
1190
1216
1180
1184
1196
1194
1184
1208
1170
1210
1176
1200
1138
1184
1182
1226
1166
1204
1266
1146
1152
1218
1188
1152
1232
1192
1162
1144
1208
1186
1208
1206
1146
1202
1180
1192
1208
1200
1208
1172
1124
