4732
4754
4700
4812
4778
4712
4774
4792
4734
4750
4736
4816
4724
4752
4670
4648
4838
4684
4882
4700
4754
4704
4734
4754
4740
4696
4664
4704
4752
4744
4708
4704
4648
4768
4742
4744
4710
4708
4828
4848
4774
4710
4722
4688
4718
4648
4836
4708
4786
4710
4746
4816
4720
4686
4636
4740
4752
4788
4850
4686
4720
4724
4754
4708
4846
4706
4694
4640
4742
4768
4734
4802
4818
4800
4842
4742
4730
4798
4766
4814
4732
4710
4694
4766
4690
4784
4702
4714
4722
4672
4760
4698
4736
4772
4740
4748
4692
4764
4692
4734
4738
4720
4640
4708
4748
4842
4772
4780
4742
4698
4750
4642
4734
4680
4730
4680
4824
4794
4710
4788
4704
4770
4776
4704
4710
4726
4720
4760
4766
4632
4762
4610
4864
4760
4688
4718
4780
4702
4712
4760
4704
4748
4734
4752
4780
4864
4796
4790
4736
4768
4712
4734
4744
4690
4782
4706
4704
4858
4740
4644
4778
4748
4690
4686
4786
4710
4758
4724
4808
4764
4732
4750
4744
4716
4714
4780
4730
4710
4640
4760
4706
4738
4820
4760
4708
4736
4704
4728
4712
4730
4752
4750
4734
4692
4858
4730
4668
4724
4806
4814
4740
4722
4704
4740
4750
4706
4768
4664
4768
4748
4712
4790
4754
4658
4790
4790
4792
4708
4696
4778
4776
4756
4732
4866
4720
4786
4780
4724
4792
4714
4744
4730
4848
4670
4786
4732
4722
4820
4738
4706
4804
4734
4784
4628
4766
4772
4664
4754
4830
4778
4776
4822
4680
4792
4746
4804
4796
4730
4774
4712
4732
4872
4728
4812
4786
4704
4646
4744
4774
4744
4738
4670
4826
4738
4666
4748
4792
4716
4764
4726
4718
4720
4732
4630
4742
4716
4754
4660
4810
4684
4764
4748
4706
4736
4742
4686
4714
4788
4756
4678
4656
4822
4832
4740
4666
4754
4620
4786
4756
4708
4756
4754
4650
4700
4750
4726
4842
4822
4742
4680
4824
4840
4712
4830
4804
4758
4756
4702
4776
4740
4724
4730
4816
4818
4658
4738
4878
4768
4692
4752
4716
4810
4756
4830
4726
4712
4762
4776
4770
4692
4734
4700
4690
4724
4724
4762
4630
4720
4778
4776
4710
4716
4770
4710
4764
4686
4778
4734
4722
4842
4746
4714
4840
4704
4818
4710
4728
4840
4724
4768
4698
4718
4762
4748
4782
4682
4782
4732
4802
4772
4696
4784
4690
4708
4710
4698
4808
4696
4682
4738
4812
4782
4760
4828
4654
4758
4746
4718
4728
4686
4736
4754
4696
4778
4708
4658
4772
4790
4694
4708
4796
4748
4674
4700
4770
4740
4652
4730
4722
4746
4708
4734
4690
4678
4746
4748
4786
4816
4726
4794
4730
4690
4830
4730
4764
4758
4772
4796
4882
4798
4790
4816
4782
4754
4808
4800
4778
4772
4706
4714
4794
4696
4816
4854
4684
4762
4730
4828
4784
4762
4760
4678
4838
4810
4700
4778
4756
4694
4740
4756
4748
4736
4662
4710
4684
4766
4644
4802
4780
4682
4766
4770
4662
4764
4784
4772
4734
4756
4786
4766
