2942
2956
2960
2940
2912
2952
2930
2932
2924
2942
2918
2934
2952
2934
2922
2958
2912
2924
2944
2930
2918
2956
2934
2942
2932
2932
2930
2942
2936
2926
2934
2910
2946
2932
2930
2918
2938
2912
2944
2940
2914
2932
2946
2952
2934
2922
2934
2958
2938
2934
2920
2950
2902
2920
2932
2940
2930
2936
2920
2932
2928
2950
2942
2928
2932
2942
2938
2948
2938
2932
2946
2920
2936
2936
2942
2936
2932
2958
2938
2928
2926
2914
2936
2926
2928
2906
2938
2942
2926
2908
2942
2944
2930
2902
2944
2956
2926
2926
2932
2950
2932
2932
2938
2914
2946
2916
2906
2934
2938
2956
2942
2952
2950
2936
2962
2940
2946
2942
2948
2936
2956
2912
2946
2930
2938
2920
2956
2918
2942
2906
2948
2916
2936
2934
2932
2928
2936
2950
2960
2924
2936
2948
2952
2898
2934
2944
2916
2918
2948
2930
2944
2928
2914
2918
2924
2934
2934
2946
2930
2922
2954
2938
2896
2940
2922
2906
2904
2928
2954
2932
2920
2930
2960
2946
2936
2964
2950
2930
2928
2920
2926
2926
2930
2940
2932
2920
2938
2936
2920
2942
2936
2950
2928
2940
2924
2942
2930
2920
2924
2946
2936
2922
2942
2958
2932
2892
2948
2922
2904
2938
2928
2910
2946
2914
2960
2932
2958
2926
2944
2918
2936
2926
2932
2952
2924
2906
2906
2942
2932
2932
2934
2944
2928
2910
2948
2948
2924
2956
2946
2926
2936
2936
2924
2956
2946
2944
2916
2966
2926
2950
2938
2942
2942
2914
2934
2954
2944
2916
2938
2918
2934
2944
2936
2936
2910
2948
2946
2938
2940
2936
2920
2914
2944
2880
2944
2928
2952
2944
2940
2948
2952
2944
2912
2954
2944
2960
2934
2910
2908
2942
2924
2936
2928
2930
2924
2936
2934
2948
2950
2928
2924
2936
2946
2918
2966
2940
2938
2912
2930
2930
2940
2936
2924
2936
2940
2944
2932
2946
2932
2950
2934
2942
2938
2928
2922
2936
2926
2968
2920
2956
2944
2918
2934
2944
2948
2924
2938
2928
2938
2926
2918
2912
2952
2946
2920
2916
2930
2928
2928
2928
2936
2892
2934
2928
2938
2924
2930
2928
2934
2942
2930
2938
2930
2940
2926
2922
2948
2946
2954
2936
2936
2930
2918
2916
2930
2946
2926
2944
2954
2948
2932
2946
2932
2908
2958
2936
2912
2922
2930
2960
2948
2954
2966
2918
2928
2962
2926
2938
2928
2944
2914
2932
2936
2938
2946
2942
2952
2938
2920
2946
2942
2934
2924
2950
2940
2928
2932
2940
2932
2940
2932
2930
2932
2952
2958
2940
2942
2932
2930
2942
2916
2946
2946
2944
2938
2928
2942
2890
2924
2918
2936
2928
2938
2936
2936
2952
2934
2920
2942
2914
2916
2952
2960
2950
2936
2934
2938
2948
2928
2942
2926
2928
2930
2932
2926
2934
2930
2944
2944
2950
2940
2906
2934
2902
2964
2944
2936
2944
2938
2940
2946
2942
2924
2912
2962
2934
2924
2946
2940
2938
2936
2910
2938
2902
2938
2922
2936
2942
2956
2938
