4938
5022
4948
5052
4896
4936
5032
4902
4950
4950
5004
4974
4950
4906
4940
4876
5012
4934
5004
4968
4984
4976
4940
4996
4936
4946
4964
4930
5000
5060
4938
4964
4894
4906
5002
4934
4954
4886
4990
5002
4966
4994
4926
4986
5024
4976
4970
4948
4884
4914
5020
4868
4942
4972
4984
4948
4908
4922
4900
4860
5006
4862
4988
4962
4994
4938
4964
4948
4950
4962
4964
5010
4962
4938
5008
4928
4954
4948
4930
5000
4982
4912
5010
4944
5064
4928
4958
4996
4944
4928
5032
4994
4960
4988
5026
5014
5016
5014
4924
4876
4916
4900
4960
4964
4978
4956
4980
4982
4920
4868
4982
4868
4984
4938
4956
5042
5002
4866
5082
4870
4924
4942
4852
4916
4998
5040
4944
4920
4916
4922
4952
4934
4940
4944
4984
4928
4940
5008
4954
4982
5016
4868
4924
4868
4932
4942
4934
4906
4960
4870
4944
5012
4914
4978
4968
5052
4960
4828
4908
5018
4938
4984
4964
5018
4920
5008
4986
4994
4994
4978
4974
4910
4924
4932
4896
4836
4938
4850
5040
4936
4948
4900
4894
5002
4904
4954
4916
4920
5000
4970
4978
4906
4904
4950
4994
4942
4954
5050
4880
4968
4946
4926
4900
4992
5010
4932
4950
4906
4988
4968
5006
4992
4910
4982
4890
4922
5056
4924
4980
4960
4964
4940
4996
4974
4976
5014
4936
5026
4976
5064
4984
4956
4948
4950
4934
4952
4978
4940
4934
4870
4938
5048
4938
4938
4952
4888
4968
5078
4892
4936
4950
4990
5010
4936
4986
4970
4972
4944
4968
4984
4954
5014
4932
4942
4934
4946
4972
4960
4994
5032
4960
4986
4968
5024
4986
5046
5022
4950
4956
4928
4966
4908
4972
4872
5032
4936
5026
4980
4890
4952
4988
4968
4956
4942
4994
4940
4966
5000
4960
4972
4898
4940
4922
4990
4962
4942
4966
4970
5048
4962
5030
4964
5008
4984
4930
5060
4910
4958
4936
4990
4948
4932
4948
4940
4894
4926
4946
4950
4896
5008
4974
4944
4938
4962
4958
4878
5022
4950
4960
4940
4922
4954
4976
5000
4944
4984
4904
5002
5076
4974
4960
4942
4960
4972
4946
5012
5038
4958
4960
4962
4990
5008
5048
4906
4920
4880
4810
5004
4908
4948
4890
4944
4930
4976
4994
4912
5000
4990
4980
4988
5004
4994
4976
5012
4880
4906
4958
5048
4856
4924
5040
5000
4916
4906
4992
5026
4952
4888
4910
4938
4966
4974
4972
4964
4954
4942
5000
4990
4966
4952
4982
4978
4862
4932
5018
4928
5014
5026
4968
5010
4928
4890
4910
4958
4992
4996
4942
4960
4858
4880
4980
4858
5066
4960
4942
4878
4876
4966
4908
4814
4986
5016
4980
4966
5022
4878
4964
4970
4912
5004
4928
4968
5026
5064
4852
5004
4960
5010
5004
4972
5026
4922
4958
4994
4924
4942
4988
4926
4946
4984
4884
4974
4986
4940
5006
4936
4984
5012
4916
5002
4966
5000
4976
4944
4952
5008
4926
4964
4924
5022
4870
5016
4934
4928
4974
4974
4972
4940
4946
4970
