10058
9930
9956
9876
9938
9882
9910
9940
9990
9904
9954
9894
9914
9832
10012
9998
10050
9980
9952
9874
9900
9760
10042
9966
9934
9964
10022
9948
9858
9988
9842
9888
9826
9966
9980
9914
9928
10014
9922
9894
9932
9890
9956
9900
9914
10022
9956
9890
10010
9898
9920
10026
9820
9936
9884
10030
9912
9888
9984
9970
9996
9882
9918
9954
9950
10014
9954
9834
9992
9872
9920
9870
9960
9930
9888
9990
9900
9930
10010
9968
9894
9938
9844
10032
9950
10026
9982
9946
9996
9846
9904
9946
9940
9866
9812
9854
9954
9926
10000
9844
9920
9862
9848
10082
9926
9880
10026
9840
9884
9974
9886
10046
9910
9908
10078
9808
9998
9824
9934
9890
9986
9982
9910
9896
9932
9780
9882
9898
10026
9892
9896
9950
9932
9930
9946
9950
9746
9848
9870
9852
9936
9890
9950
9998
9988
9866
9920
9946
9950
9982
9900
9830
9896
9954
9942
9980
9902
9976
10018
10010
9812
10100
9882
9960
10070
9800
10090
9930
9880
9828
9890
9932
9910
10006
9940
9878
9884
9866
9846
9976
9944
9940
9898
9852
9886
9982
9952
9916
9956
9906
9926
9890
10036
10028
9978
9964
9988
9896
9964
9998
10016
9870
9874
9932
10020
9888
9862
9836
9884
9824
9934
9922
10008
9912
9962
9994
9844
9958
9966
10040
9770
9804
10016
9812
9906
9946
9950
9842
9996
9938
9884
9998
10042
9802
9830
9932
9762
9966
9794
10046
10000
9878
9940
9902
10058
9986
9912
9940
10030
9918
9854
10030
10088
9926
9984
9974
9902
9892
10018
10004
9816
9862
9812
10016
9912
9972
9922
9834
9926
9962
9946
9866
9830
10028
9902
9862
9978
9860
9944
9866
10062
9956
9980
10002
9992
10044
9962
9952
9944
9980
10002
9922
9956
9940
9866
9870
9900
10002
10146
9886
9898
9964
9962
9770
9918
9862
9862
9902
9930
9834
9986
9888
9890
9912
10016
9876
9884
9984
9908
9862
9918
9866
10014
9778
9870
9906
9890
9912
9942
9900
9906
10110
9878
10138
9918
9876
9862
9978
9988
9918
9854
9922
9832
9998
9924
9936
9936
9800
9858
9974
9720
9946
9924
9930
9952
9936
9948
9946
9996
10004
9962
9936
9850
9962
9826
9936
9998
9848
9952
9804
9958
9904
10016
9958
10016
9848
9966
10002
9946
9918
9880
10004
9978
9900
9928
9996
10000
9992
9998
9960
9890
9952
9912
9946
9960
9880
9966
10028
9974
9878
9978
9990
9910
9960
9890
9960
9868
9996
9922
9922
9980
9844
9970
10044
9864
10008
9954
9944
9832
9878
9904
9938
9958
10000
9966
10004
9924
9968
9906
9952
9888
9944
9860
9854
9928
9980
9844
10004
9980
9886
9854
9836
9910
9928
9870
9866
9868
10070
9966
9908
9940
9994
9996
9946
9980
9862
9906
9906
9956
9928
9978
9916
9950
10016
9878
10022
9880
9988
9964
9952
9924
10026
9906
9998
9924
10014
9990
9920
9924
9974
9916
9840
9928
9980
9984
10062
9976
9858
10008
10038
9980
9856
9928
9938
9866
9888
9922
10016
9894
9890
