2422
2472
2440
2464
2448
2480
2476
2548
2498
2450
2488
2480
2456
2466
2464
2478
2496
2494
2522
2468
2418
2452
2470
2412
2472
2492
2478
2460
2444
2458
2478
2448
2468
2504
2420
2484
2472
2466
2486
2516
2482
2498
2494
2466
2456
2440
2456
2496
2514
2436
2500
2492
2486
2480
2490
2428
2504
2476
2472
2484
2492
2508
2478
2494
2528
2478
2466
2524
2522
2436
2434
2482
2470
2516
2436
2514
2494
2488
2484
2478
2492
2476
2486
2406
2544
2542
2480
2496
2478
2532
2484
2548
2486
2526
2518
2476
2426
2452
2470
2514
2524
2518
2464
2508
2532
2478
2476
2538
2482
2476
2460
2482
2482
2438
2478
2490
2460
2434
2510
2452
2496
2500
2458
2486
2450
2506
2442
2442
2476
2502
2470
2504
2468
2490
2512
2486
2472
2490
2538
2434
2476
2412
2484
2524
2484
2464
2452
2466
2466
2488
2442
2538
2444
2498
2442
2444
2482
2512
2496
2494
2514
2448
2496
2480
2484
2522
2500
2438
2492
2496
2396
2500
2450
2472
2462
2436
2424
2432
2494
2426
2438
2506
2464
2528
2458
2448
2426
2424
2512
2454
2488
2478
2458
2532
2472
2426
2436
2460
2458
2422
2454
2542
2478
2454
2474
2446
2468
2466
2456
2470
2490
2456
2444
2494
2528
2490
2504
2494
2450
2502
2438
2504
2494
2492
2514
2492
2514
2484
2480
2488
2458
2492
2492
2478
2488
2480
2396
2434
2448
2462
2474
2502
2476
2438
2418
2476
2482
2462
2418
2532
2466
2494
2498
2468
2480
2456
2400
2532
2424
2508
2442
2546
2466
2474
2502
2500
2454
2464
2530
2488
2516
2410
2440
2482
2436
2466
2470
2516
2500
2408
2508
2454
2512
2534
2504
2478
2458
2508
2462
2546
2436
2508
2472
2490
2472
2470
2450
2478
2464
2498
2478
2466
2486
2480
2450
2482
2400
2486
2468
2434
2502
2442
2424
2482
2406
2446
2442
2492
2522
2438
2394
2448
2476
2434
2508
2506
2502
2486
2492
2472
2528
2486
2442
2446
2452
2490
2522
2434
2472
2482
2496
2444
2430
2490
2498
2484
2402
2498
2442
2456
2490
2504
2482
2554
2486
2458
2448
2450
2468
2416
2488
2528
2438
2488
2452
2504
2482
2520
2456
2494
2518
2460
2520
2446
2432
2472
2428
2496
2430
2534
2462
2490
2532
2442
2468
2448
2494
2528
2464
2446
2526
2468
2528
2504
2518
2484
2456
2478
2444
2474
2504
2498
2484
2472
2464
2502
2452
2460
2468
2478
2480
2434
2482
2468
2496
2444
2502
2422
2552
2498
2420
2488
2528
2478
2512
2488
2476
2464
2460
2480
2456
2496
2468
2500
2464
2484
2484
2514
2478
2436
2504
2508
2502
2410
2504
2470
2442
2452
2514
2510
2480
2516
2412
2466
2464
2472
2450
2504
2506
2476
2478
2516
2510
2514
2430
2412
2472
2456
2478
2532
2436
2532
2466
2458
2452
2452
2482
2430
2458
2482
2480
2542
2530
2420
2492
2444
2430
2448
2452
2508
2510
2478
2572
2446
2508
2462
2440
2490
2488
2468
