7390
7468
7504
7456
7472
7466
7410
7512
7420
7452
7514
7482
7476
7414
7398
7458
7478
7440
7334
7366
7450
7556
7530
7484
7474
7416
7392
7436
7432
7386
7492
7392
7418
7388
7440
7374
7470
7454
7412
7436
7500
7436
7378
7368
7508
7376
7450
7444
7434
7472
7488
7456
7442
7306
7488
7434
7488
7338
7464
7372
7522
7376
7326
7390
7400
7570
7424
7454
7454
7424
7400
7458
7534
7476
7414
7498
7336
7508
7450
7542
7516
7548
7440
7404
7392
7386
7392
7394
7498
7486
7416
7380
7380
7562
7558
7494
7422
7564
7418
7480
7408
7442
7456
7504
7592
7428
7408
7576
7426
7426
7462
7418
7398
7498
7464
7444
7504
7472
7392
7472
7434
7528
7462
7472
7490
7504
7542
7400
7506
7396
7482
7428
7438
7480
7454
7442
7418
7452
7404
7560
7470
7430
7476
7466
7518
7362
7498
7528
7406
7414
7470
7538
7428
7356
7542
7536
7472
7416
7446
7556
7450
7472
7418
7402
7462
7422
7498
7482
7448
7486
7384
7386
7384
7558
7364
7396
7374
7502
7426
7448
7460
7444
7424
7356
7488
7464
7446
7488
7426
7350
7436
7494
7328
7508
7434
7462
7416
7382
7472
7418
7478
7432
7380
7452
7458
7516
7448
7438
7500
7534
7442
7526
7368
7390
7378
7452
7368
7390
7320
7432
7454
7426
7380
7438
7378
7518
7502
7396
7454
7490
7408
7500
7450
7478
7480
7452
7512
7432
7446
7382
7468
7438
7456
7510
7436
7524
7468
7518
7518
7520
7334
7420
7440
7420
7394
7386
7514
7504
7514
7508
7374
7372
7516
7428
7490
7394
7436
7404
7480
7348
7410
7424
7472
7368
7398
7540
7534
7410
7468
7528
7488
7476
7386
7490
7444
7422
7462
7490
7414
7562
7386
7466
7476
7418
7408
7408
7494
7536
7392
7416
7352
7456
7478
7472
7436
7476
7532
7446
7376
7430
7418
7556
7532
7458
7568
7464
7526
7386
7460
7428
7468
7458
7360
7394
7496
7416
7452
7334
7502
7376
7490
7502
7390
7430
7520
7396
7452
7418
7456
7424
7582
7474
7426
7558
7436
7466
7504
7472
7382
7380
7438
7450
7428
7372
7366
7530
7462
7412
7346
7508
7472
7514
7498
7452
7446
7480
7382
7434
7462
7432
7256
7422
7464
7378
7422
7490
7498
7502
7434
7470
7464
7514
7626
7378
7442
7482
7420
7370
7398
7472
7494
7502
7366
7430
7438
7502
7454
7410
7510
7488
7426
7384
7474
7430
7378
7464
7484
7476
7504
7516
7374
7508
7454
7480
7560
7430
7504
7452
7442
7522
7510
7472
7402
7494
7412
7386
7366
7430
7442
7454
7476
7480
7490
7366
7466
7366
7494
7396
7512
7436
7444
7362
7400
7470
7490
7454
7346
7434
7432
7476
7494
7438
7394
7486
7484
7406
7406
7304
7424
7384
7520
7390
7490
7414
7422
7450
7400
7532
7316
7492
7482
7386
7378
7424
7422
7466
7436
7428
7482
7398
7556
7394
7444
7418
7484
7486
7448
7446
7568
7464
7434
7348
7474
7500
7452
7462
7450
7424
7432
7390
