50360
44780
73924
44401
43144
41181
48100
56157
49911
46772
38342
45598
69344
44760
58250
74531
62573
41619
53503
62925
98306
41628
47482
86134
49362
58347
54264
68920
63518
44073
49405
106190
49754
52315
91071
61622
35275
59683
48315
56373
47337
56721
68310
46952
65385
46681
43436
52532
59384
45206
49465
43135
63132
62270
78418
39765
75437
46326
51596
45799
62804
50048
74164
52949
51793
41550
45204
41807
72331
52680
39861
42344
60094
62207
45659
47669
71420
41791
62509
60935
50410
52625
85837
41325
52148
52073
84549
52008
66472
81844
55300
47313
68605
45668
51827
56175
101299
48525
50246
51081
87130
44791
48890
61595
50482
77050
58123
45924
72932
52633
74878
59286
55666
41925
71503
50308
61454
49685
72576
68433
71848
42286
42395
44027
48428
94992
43921
36995
61304
53620
45064
43529
62435
54705
39532
61058
39682
57344
57202
46840
56726
87931
67160
73619
95280
53873
40404
56550
48840
34901
56995
83270
45461
59888
54528
61817
64990
106154
49207
62373
78738
39119
49784
72245
62066
47279
65397
53907
126905
80965
74110
50816
74427
45816
45414
55768
43087
86663
48752
86496
58814
51735
52161
61476
50318
49374
94168
39799
60955
76346
63403
82698
72588
58404
56477
66483
48756
60289
42932
69580
54990
63684
54476
55313
57583
63027
48198
47980
44073
57405
138690
49677
37465
48738
68926
59823
54071
45207
63359
70077
36916
77413
74393
38441
65301
48463
65837
87701
48059
46730
57868
60018
46048
48907
68853
100876
42141
92902
42428
47723
69116
44044
49389
42906
44263
54950
61903
46388
36937
47295
38768
47803
67927
57695
40695
51125
77965
72391
67909
73019
84482
84279
43787
47743
84948
46718
44075
50716
82671
41414
39870
74361
45282
126145
124290
61371
45345
84776
47186
64342
79263
46336
52922
51195
59988
60458
42685
46999
76045
47378
72636
65316
43464
50784
76100
94500
65659
67065
51110
58254
58006
39185
53053
76175
44494
55230
42727
66732
50330
56529
53614
43930
76498
72897
55546
43215
57020
45985
60199
41223
52792
43403
48720
51118
52562
44489
56063
49216
59484
49353
57954
45656
40544
89923
62127
39599
49858
43206
46869
38844
37084
58072
47090
39933
71973
65890
58182
37719
53447
73399
35448
40331
104842
70933
42937
69910
55582
67588
52627
53371
82521
37789
48055
53437
39462
41211
43696
48427
54966
50628
53202
44181
39240
78822
56636
48247
60050
51701
43410
44439
44777
46762
45048
45115
77427
58010
52806
58533
52451
39845
47597
98269
85539
72124
47195
73806
52704
37811
53213
64123
54301
62639
44914
58464
59608
46634
105032
36399
45721
65532
50398
80985
89954
50391
51296
70263
61542
93447
45323
44336
77463
49142
60753
83927
58655
66531
62462
44728
46193
38317
39785
81291
41223
39124
43372
55944
47059
57340
65258
45921
48619
80339
82750
44605
50496
43991
46601
58839
90681
52899
47294
95262
38376
50456
95568
41559
43395
49213
40414
58540
59501
85897
83001
62824
48945
48003
39563
81938
50570
41761
50002
47046
61656
81087
60095
42037
54177
57583
49444
34508
88231
43096
78424
132914
37061
49382
61889
49542
46616
49188
50686
51638
43371
59273
94083
41540
47712
47278
45344
104391
