23078
18045
26034
27477
22818
27698
24745
21978
19202
23162
23309
22164
19920
38822
28621
19238
20410
26237
24114
19251
28596
29308
38150
22100
25723
25940
18267
36972
33814
40660
23463
23624
16974
24865
23610
18902
22035
17986
43359
14894
30848
16666
26381
17419
20214
31101
16896
25503
24988
16557
28609
32778
26828
99912
27037
20513
20309
34821
21283
39385
21905
17840
26974
21500
36715
34692
18360
51755
19602
31810
21779
27258
30575
33602
26816
21917
17765
34075
18900
16692
25334
21841
26343
32322
29241
22816
18424
16372
26740
55403
26702
27788
23800
38687
53918
25928
16945
30031
22655
27472
26471
20119
30426
25712
29499
17820
23840
31935
18976
21325
19230
31603
20991
17258
17946
28079
17957
18033
22410
18793
21145
26887
41566
21345
27444
17075
71205
32839
22724
31887
21638
19365
33125
17082
17679
19067
24026
18238
35240
25623
32300
28621
38038
18921
23439
36027
40317
25369
19132
59329
29736
18822
22337
46481
17282
20537
26119
31503
24143
28788
38875
18918
21980
19072
43584
34760
25976
20406
30889
17892
25883
25499
18111
27377
25756
24186
21038
35053
18950
23891
28014
26240
28334
29041
36953
18547
43331
33006
23578
26207
18053
19476
33985
33838
54708
18228
21919
20280
31533
21638
36041
36958
25577
25037
16607
22726
30099
22840
25397
19664
23637
25388
26155
26180
29140
23990
46215
28951
23255
17399
23118
48962
25845
19170
18835
20797
52298
22934
42934
27428
29263
23724
19072
17923
23100
24720
16847
19256
50717
20671
20215
28157
47956
63946
21084
29935
26647
40972
30211
24155
19839
18387
22075
24472
42194
20008
22528
33121
16305
27382
17491
35623
21099
27713
24514
19580
40609
20601
27833
17937
30746
23151
25659
22452
19272
17673
21140
33280
21482
21250
24389
43751
32615
39945
19600
16959
20221
30028
43483
21196
26520
36291
26381
16119
26077
15543
34952
23036
31294
19657
19118
23002
31791
19314
20047
23865
26512
17817
21320
19827
25327
19193
31893
20960
33090
28556
21208
22826
54126
30467
20059
17799
21705
18100
19445
21047
38016
19395
22615
22267
22520
30129
26257
33717
22683
28976
21482
24884
21057
34700
19791
37331
19277
25518
19495
24726
24796
27333
50202
21237
51872
22144
35150
30606
40446
15231
24751
28732
20884
18976
50028
30004
16874
50088
33779
31023
21658
19272
21021
23827
20976
19905
17915
16738
20680
17681
19853
20764
34639
20771
22080
20136
33951
22743
31774
20645
18694
20839
41702
18497
17834
24605
20781
22083
55101
20961
25279
17772
20902
17346
21612
24025
21503
38538
73916
43158
22188
22058
24008
22642
37689
20695
23290
21276
23125
20161
32541
23626
20876
29799
24484
28317
23323
19484
37618
18940
18877
19781
28271
23067
33125
22583
30011
23881
21382
32658
30166
34244
19660
19586
18885
38600
22099
70445
20211
19515
52449
16380
20173
25364
23095
76738
30630
33023
17357
22321
22310
17073
57967
26957
21010
24684
26695
23817
15562
42016
20491
28733
30871
28180
22744
26755
21694
40692
19935
20187
19080
21943
24593
28725
25225
22486
26898
21521
21540
53983
19560
26668
21933
23924
21490
28319
21977
27770
17352
22733
18053
18568
24598
36374
