119854
90238
143903
117199
95680
117559
228620
98884
115531
110164
87208
114724
117192
107189
119095
114195
113213
98042
93444
92585
154971
189601
114419
137744
204185
101254
195606
97298
131093
111581
112193
111390
137528
97550
154363
166512
98529
107765
101812
87454
87633
153068
200293
168959
153786
129375
90268
120042
99548
152071
86787
96196
108847
191465
260613
104702
116647
125970
95510
157220
99911
168931
115947
140153
98363
116215
93933
185819
146402
121810
184908
104944
138547
117377
192310
109786
172184
172117
195243
109827
262903
112647
113130
100875
106563
132306
105873
130368
133575
105440
101941
145538
146199
130759
143728
146555
95728
108925
153031
118568
101378
199090
114705
93652
94434
77730
111450
113405
168978
127745
169794
184932
95629
119646
246843
122097
104874
133257
150312
124311
161097
90308
118048
137649
97750
112284
248238
94979
107415
247860
103397
160191
118763
137085
112198
89547
125572
87931
90087
103508
124720
187307
109470
99157
146616
134971
120290
121764
95262
97150
111775
112686
129749
97582
106438
140920
155470
96821
127893
95796
118487
134335
102998
103025
163472
112325
177050
213682
110476
111804
200884
127431
131122
92112
139130
110590
117941
101296
97042
109034
144376
86699
165695
97298
90465
107791
150223
128788
151556
133564
154413
121701
124142
128037
110996
129053
101769
183599
99320
125048
99778
165146
165420
91165
117698
116932
92209
261561
110812
86700
135308
130446
118651
120823
115240
92319
101869
97130
144034
153772
129048
148454
102888
99533
111146
147859
105368
99883
106970
144757
111410
117290
113032
96081
111912
213017
141987
122516
115633
102707
90578
105657
118082
335662
129149
81011
104937
158890
110413
86758
264070
84856
111058
120864
84532
114388
157434
93219
91917
118378
132220
103554
187101
93052
133791
91549
133916
135278
163917
145171
94377
151347
120421
146346
159896
101848
93631
94339
115861
163203
208081
138476
183951
120061
82430
83701
140071
101186
129635
119494
242036
113821
105044
193068
91553
159224
89259
92667
106479
117699
282243
100598
96070
116144
109879
99762
168544
128769
100509
124133
84293
155756
118338
85367
110745
115335
127593
120629
136549
163521
82223
120094
89625
92575
124776
135944
105068
173402
93538
129242
166305
137627
89297
84097
245421
127996
117670
155412
118084
125094
101466
87832
107699
95166
182691
114458
93590
90195
89572
116947
135422
206824
107427
90028
131983
97340
134728
84772
117987
97962
137137
100475
171265
149296
86583
96323
133012
145225
183711
140144
288119
149367
82416
89021
143062
115021
96666
147323
215734
140062
113274
179034
115705
162035
130902
87632
93562
111055
161892
98016
117896
92470
98088
115958
170372
163072
116899
97726
118482
86148
115641
127193
121320
98888
99094
96553
122044
120708
163960
102603
128437
85530
128004
123525
103696
138544
113187
225662
88999
110534
96567
123411
164600
103043
93126
126363
268591
103150
87782
180508
260952
200610
138969
204770
152445
138021
105651
106748
128427
93728
109199
98150
125129
96792
80821
102695
95820
95257
124290
99130
106469
157352
115628
128809
167470
183504
123563
115933
121236
139594
119968
90342
123714
105456
123807
128705
100116
94700
137334
131214
161247
111043
127191
83546
140493
111474
103292
163440
128962
92049
99218
173163
79402
125549
177664
94339
94927
178496
116020
155398
158915
87792
130513
102868
138273
194779
106815
103757
138127
96119
