81192
76541
114705
60865
65417
89128
92266
70092
88939
126105
62892
60547
100951
69597
65634
65361
101000
80063
103392
62241
71215
72585
68105
78187
70402
59933
95835
63023
126065
114973
63328
73593
82118
64356
60242
71960
102369
72404
81788
58187
86034
82000
135099
110276
98402
84257
72332
112625
105101
65279
93867
143460
64173
156696
71523
85396
77270
114424
68368
90352
97795
57344
76704
98172
61040
74988
80879
71940
62150
86607
69860
103798
105511
77144
83638
105521
100390
76229
149925
70159
63746
79543
109649
83672
62981
83059
89838
70014
109704
74824
88141
76372
65607
116863
93775
84425
175806
168354
110138
87631
99677
65564
82035
80100
65623
99959
69168
77149
72875
73815
205606
78025
80688
67089
95401
65538
68612
114491
62993
108112
64292
110405
75186
65844
94392
169766
88664
101944
79961
91987
95619
100123
124286
63532
71066
126102
113500
61662
62251
85419
71968
70904
92088
111525
81388
76901
103739
89757
67241
57227
86972
97855
69553
97723
79712
189832
77228
93286
63640
75423
121409
69658
98841
107120
96071
70922
70059
130297
68918
66917
96177
112915
91923
90675
70000
76305
90550
69885
100527
121593
105546
70701
104183
120468
60908
68419
99695
84589
139399
132614
74438
77349
71986
67881
137317
87660
69775
76285
109919
86360
70498
74973
99057
101978
72594
105674
90321
130510
99045
72695
137046
67412
156639
195234
95374
83676
120507
80973
87617
73063
129802
120928
71414
102740
164160
63287
109331
81271
67766
171630
57304
126915
90376
66387
132939
80266
95823
87883
76057
79665
74482
74225
117518
63319
177810
95168
194397
92428
79037
89695
83047
100519
67581
90418
72021
80790
66477
131776
156690
138453
75715
112337
58965
63159
95999
74559
81435
81144
77527
86497
132284
95780
147515
92879
79923
73496
101942
114102
105579
74374
78853
153500
96409
98150
75349
152782
85355
78269
98624
121713
77212
70340
122888
85890
63642
73965
76165
105309
82044
138251
75472
72753
62618
65068
60873
110070
95553
140454
90511
73039
139872
140514
68108
85679
100261
83554
76771
169659
98919
102757
58419
144963
69661
64151
59343
87760
84521
79899
67405
82087
64964
63321
78187
89748
76929
86347
79262
75228
80627
119598
122645
76605
76155
96287
97479
63599
66481
72692
82444
140712
134599
194623
89002
71992
70327
67783
120197
87190
78716
99199
96548
69595
83803
66807
67929
72174
125182
75496
75206
157470
85161
78923
74473
95910
89723
60861
112681
86931
78613
78365
67309
131962
85473
96294
102428
68885
184089
107399
71148
66969
156608
76623
68998
82553
122965
83933
82370
67924
75928
140344
103116
94232
75821
144951
83598
85547
76918
70979
97523
74710
86050
74357
61685
93446
82818
120497
157655
71832
68956
87918
86404
81720
74869
104468
79063
86968
77374
89537
83696
147108
72282
69833
74396
122999
167055
93640
84417
61750
105346
83518
89818
78844
66547
73793
95230
83202
69900
68373
83796
72624
79407
83716
120011
79799
79932
138376
82548
141622
60170
70012
81803
69142
124044
87802
67452
106702
113438
62976
76812
69619
96468
77906
71735
152797
91189
77175
99994
80298
65274
102628
90589
72065
57853
100388
119755
128271
72466
63552
108854
84466
76542
64464
82518
69302
80550
81837
82244
63756
89866
112657
