37187
44224
33467
21177
32587
56618
54085
61385
33739
36049
30519
59286
23836
26611
22766
46278
44341
42035
43917
28405
33743
62552
42875
36776
27251
41175
36817
35472
37976
34187
33091
35228
46445
33110
25043
29945
31069
30220
42270
31987
24739
59729
38962
35401
45739
32804
47148
52585
38992
50532
54206
49083
53697
49915
46005
30036
37064
43048
25727
66055
40490
44347
37591
44113
35758
44716
68153
28029
32636
42974
37138
49100
30743
24466
24482
58012
24750
34864
43221
34772
20713
46051
30948
35586
47890
34485
27684
35549
46779
49689
36116
41569
31079
48376
37579
38031
37857
16094
42314
31972
44421
52570
41914
75807
37683
22587
26050
26194
48510
45195
34763
65041
21693
40619
45225
39558
44247
34243
39103
31169
41897
36480
44718
45634
52930
33301
37369
33933
33635
25822
42018
28838
76844
56980
41826
40623
45284
43284
48683
41100
26274
26284
59771
24312
40724
26682
55070
50837
34233
32585
23015
45731
28493
25633
43993
89991
22468
66040
25715
35215
63659
35934
57287
34784
48206
27778
27764
32165
22467
38789
42125
43965
44022
30399
43545
43104
39455
20055
27942
36164
40863
55823
26345
43859
46568
30648
30181
35684
95013
38289
29364
54639
30781
36223
31629
48417
36334
41754
50298
39430
23522
25723
52547
61866
29482
26560
46377
76284
49819
40370
47789
43219
41105
35981
40827
40142
35892
39404
44410
31223
40229
56399
62374
55591
35540
45884
52559
34047
32001
31390
35385
35642
71504
37587
43226
38356
24616
45319
23964
22187
36592
37545
23239
26048
45845
34218
34052
36989
49449
95238
55140
36156
30865
45792
25946
40541
32533
35104
37660
34354
35950
29250
39815
60026
28090
45677
56477
29158
55578
57787
49552
32041
38312
32865
48871
48470
36205
35199
39495
51387
35585
30201
64189
84775
32081
48532
30829
36027
26825
55153
45083
40099
34846
58444
24661
53433
38427
41612
38249
71482
27627
35944
38685
28340
39341
38075
41217
31532
29463
41332
40785
61008
38680
38761
34576
31980
44486
49851
65451
26041
47865
56004
33746
37172
24102
43165
39691
54887
46808
46200
71388
45351
52455
28807
64614
32501
34043
22797
51466
44396
46941
31651
54231
25454
28784
31588
38180
32824
19731
44777
31014
29499
46226
30571
40727
19709
31104
28606
34908
38067
34805
76812
26464
30476
29706
41555
34073
32408
19444
62563
19963
32802
32390
29336
39747
30781
42048
38965
33797
36337
48534
28975
30967
24079
28775
42213
25953
51226
41845
43566
47579
30531
31431
37054
32103
57995
37699
27503
43903
37356
67317
30565
62975
29928
40711
31850
35199
40065
45750
46603
38151
40430
30107
42130
39909
38642
71794
44362
41836
34658
51339
59607
45401
43763
62487
43637
28149
42886
56267
57890
29101
38510
48685
51314
28963
42737
59730
22293
25684
72555
32973
33287
48550
42525
40094
35028
46412
59732
42224
51759
38027
41913
26940
25170
30083
36364
26590
50470
50185
32070
29350
37832
20933
56455
28012
41084
31176
52173
44342
29623
68392
24682
27330
46258
43819
40625
61940
82694
51071
35356
20246
40459
41839
51915
30696
37864
43679
31653
76407
35972
37615
34668
47268
51079
28555
63411
44886
44992
46916
33724
