81411
86321
83250
96110
134025
100050
99784
69886
101008
94900
59012
74574
112645
75073
64029
67564
73960
50153
123553
111845
97793
146953
88812
75872
122935
126056
78438
117599
54390
84962
81458
72353
103213
85873
93221
61126
133195
94218
82770
72455
96783
106440
96885
95027
71963
107252
71926
106164
98021
60965
81993
64689
112874
59141
56280
90254
113882
110910
66046
93068
61173
112502
74041
80421
76610
60664
159980
136566
105215
80085
157668
56970
61775
146645
70697
98026
112408
114852
60694
58994
88999
71355
76409
99124
76757
97867
91921
81338
103373
72098
85370
67650
64139
86775
162957
125374
72063
87628
98855
86464
77395
82037
108036
121198
88673
97972
105871
75192
92187
55602
147379
130316
141677
101182
104230
90542
171968
70005
137785
73892
120197
105522
122512
59611
123709
49981
71983
107143
82172
58785
101075
74500
68848
64826
87103
89492
111820
76724
112102
124098
77861
116488
128932
105978
145208
69473
85917
88466
93733
75986
55639
105353
86382
118818
73432
87704
126483
71426
96016
76621
114312
55894
105825
86012
120217
144285
71940
123554
125483
69270
75649
147920
89399
100004
60058
106217
127766
89142
72940
74399
81778
97674
79945
102502
107798
73624
70601
130076
114828
115023
123639
82959
88399
69938
91409
79903
130153
132707
158949
72756
146710
77515
124391
119636
68830
87800
94528
100375
145522
89795
103161
110946
48573
67272
79631
63211
70151
67030
76460
92689
75158
88571
40777
77879
92194
67305
109054
68255
64233
94402
84631
76149
57927
105681
79495
57554
82971
82477
94230
60609
61000
70812
122037
140331
123748
132474
132854
106240
61456
117831
105562
144895
68343
98023
99429
79208
99507
110063
142919
61273
66530
131589
94295
79730
115974
126913
140381
74978
71494
126867
77880
122159
110807
91314
82866
58644
98449
78667
145210
125235
88270
116945
97926
65790
161176
100453
106978
82650
72149
88505
74684
90690
97387
87669
111827
162030
142559
57226
52776
162378
70050
183461
106401
78726
116008
106550
83321
98925
98008
123368
130123
126703
68458
68572
138751
57378
71210
116087
93026
70778
103961
89273
125794
91185
136826
118092
63517
105282
104868
98105
140368
101500
122961
72454
71043
73606
60168
106649
91402
87132
78381
92627
71492
99247
54953
64999
69731
66556
96102
90027
112573
135867
66391
108919
93886
60848
136305
164996
96352
90716
102917
63894
136729
97517
109950
92919
89011
99689
93298
85937
113254
101707
73338
65490
89791
146330
109353
69606
140947
78455
103731
66854
66713
83767
92784
97945
133845
69296
61658
112056
131024
150510
84560
81850
102016
70541
65706
66803
111554
73240
87949
68115
68012
150557
80379
116945
74445
145869
114558
103763
78682
65963
74033
116853
70443
102125
65378
100130
114160
109525
98391
157034
98857
160472
116435
66319
80947
55323
64879
84451
74382
87574
85439
146728
80988
73330
98136
101729
121109
105907
136998
81176
118537
124837
80138
99961
74735
87514
83471
54820
69712
85362
100311
100283
82700
88867
94542
142242
119786
119358
81581
90906
71329
84185
85383
118737
89115
93679
56034
81933
124516
86574
111349
71611
83222
89103
68394
75757
84421
103605
150583
97097
85403
77536
89262
107739
103218
84961
78832
129505
106552
130289
95783
93506
206114
78776
92372
85446
116368
102348
