224158
167386
170224
234278
345828
123987
218244
312201
211419
375110
140271
243917
137688
209285
345751
266802
209037
206715
167896
197897
165213
139189
187167
202382
226185
323447
211662
198632
258710
208742
157357
206662
203816
178755
204891
150755
123560
155366
266348
167466
229143
214695
176465
177345
265401
217773
177395
234598
265415
142695
281094
202298
213336
146978
155032
183407
231834
211487
164263
224178
282039
206433
226800
184961
166488
192019
316111
227452
204449
348199
257532
171743
190649
289624
198922
158414
210594
192790
218713
160195
300083
194764
168749
218062
233064
178001
296483
145424
351055
195907
308499
232322
139505
195217
236859
225488
258119
170531
276931
235421
244895
194644
159860
118644
184895
291566
290278
228145
145248
214661
277305
140329
251158
198057
172724
137606
215420
125010
285111
147261
216289
257088
216978
115012
274187
357450
174812
309705
153901
284635
148704
236764
165731
179739
231028
159244
206138
116914
214273
247326
218640
200662
269483
201091
225174
283217
169279
184559
195091
214722
177461
316330
399405
165208
323134
124461
241302
327788
227311
251959
189063
155286
171818
228801
228751
273429
231772
247668
157618
307987
258836
255122
198292
283242
184719
172569
295422
210440
177900
153180
156930
204086
215299
166067
162096
286678
198768
154968
230049
163556
162409
206612
270077
434007
160626
185819
166474
139701
160324
236802
187190
230840
263216
249282
256986
250423
332602
232147
251585
369203
272221
169604
148725
211175
219599
159282
251190
135927
191649
236484
262597
221139
188702
318925
209457
203544
213889
208456
224136
248544
217027
171708
163209
237708
204014
206405
342870
335383
122059
251113
208684
302779
218409
160114
224821
387550
119320
305477
188038
172399
160969
187699
204604
146175
118329
205610
209536
190547
382999
396831
196630
326223
197963
149797
211211
195702
309187
218023
258098
268036
298848
253298
151035
142891
210511
214741
248660
123549
320449
185471
205423
275304
188803
184226
226837
277145
222920
148294
199687
213351
197507
101212
153451
226556
224998
240364
179485
299203
223371
208949
186099
186170
310591
496889
180768
180385
172621
149702
200552
170634
181728
270350
220368
152016
234311
162333
203375
187514
224743
226718
160767
165406
198537
170889
346360
161225
125173
269682
177781
255358
248649
231541
162706
208909
160213
226484
238300
337103
215928
161610
253193
159777
177067
280097
218731
238955
232216
350808
170628
176805
280716
210259
235382
166381
197580
107830
234285
178956
153763
233397
219131
180354
204347
155065
177866
216939
227153
147282
194333
247810
222467
240516
248136
282848
258377
272243
278301
191194
211698
205666
311205
174723
144644
145387
277757
165258
174211
182370
254620
188858
255458
129351
184910
117781
305356
196010
233984
170065
177710
164607
214685
197062
296177
280050
252844
242074
166872
143657
140450
301505
271843
236611
318742
217654
224969
283457
175700
206059
188317
167260
152747
144396
331894
212889
186155
267111
170273
178922
157597
120568
235152
158051
190005
184345
177809
237805
243406
241869
208743
281956
219546
181349
156282
189520
301552
301902
207127
164543
127062
163336
262211
250793
195674
141356
139749
158656
233752
191665
226989
354255
254987
267607
328868
220514
279435
161833
140557
204984
157660
191276
234305
163379
301741
173513
210917
305073
329337
245161
170030
199109
120522
234820
175517
179161
248186
160458
185082
256086
201589
243694
280427
302228
144218
302003
213447
176730
184295
275637
183063
152633
