142083
339449
107261
139893
191050
134316
247676
163653
137584
145425
120091
149795
176941
128276
148513
135746
188931
149588
158876
209349
156205
112711
111899
126394
265374
146338
221067
115470
86833
130574
98773
87295
158944
131798
167020
121960
113297
127983
137061
134848
112577
108907
96082
106363
86472
173637
149159
192732
141810
233848
113285
127761
140576
83675
160475
167085
102992
107575
147074
153375
108604
95254
192253
137492
147087
174650
182450
144741
148873
134261
110492
95376
116029
181985
246749
98808
162481
162232
160682
157087
194386
110516
147299
108027
235193
248391
145636
299450
154230
150667
131787
173138
294448
128469
108304
150199
145812
112934
233420
143275
155534
164144
261552
86500
77364
144312
121955
168445
154172
102022
154609
115253
140550
169076
226923
119426
221572
108574
180795
141846
136749
102895
242882
150777
144894
191752
138558
89391
202346
105583
130526
120955
198856
209282
113716
111459
152822
173650
116313
135619
184621
174953
131346
204078
120121
194194
190436
143432
120665
117715
164550
151563
171567
167846
164526
150097
219002
116026
80481
180954
161996
159875
162733
171989
133981
122015
152318
148536
97638
133406
126162
110382
100532
151560
192055
231125
136866
111013
132374
158828
127434
115498
156232
156023
296148
278069
153930
118644
98789
115179
174521
174449
250489
195578
106311
218591
119023
180470
114777
128096
147157
123210
149636
118797
129560
173446
136382
178128
86775
155506
225621
65188
100917
140903
222440
151247
177783
151408
163884
134386
134856
172107
146643
177496
212187
99703
180218
160368
180714
132692
135177
205879
204442
209039
166053
193685
153757
209107
148837
154053
114816
251000
145252
203442
106670
302207
172019
108992
232604
102954
180224
213343
196755
119382
110260
201633
143564
195634
224333
187781
153888
118571
97175
124086
159334
143817
125033
121383
115407
117457
147165
154018
159426
169195
116915
172172
156302
176641
119060
225485
100638
200592
128248
134317
117792
159029
139929
179927
186446
138293
92576
153986
131648
118985
150028
175460
221690
177321
117280
145736
206056
202632
119243
110458
121808
196782
116285
152230
218717
222792
159767
158546
139373
190712
144331
248349
165575
136709
131168
112116
129798
111799
120838
148420
161685
169166
186277
131023
160844
103052
251494
197200
131493
79526
161914
175391
231471
92096
126809
133319
128427
171547
144858
226800
119712
160359
152346
202267
147594
128645
214310
250259
188376
152565
161648
131289
151210
281646
145156
166598
257119
151489
136378
95502
94855
202097
127754
174300
211676
85842
207481
123374
107849
185996
151077
202519
165617
89071
198315
92660
113898
181839
123663
114148
137116
153962
154491
95509
153263
110397
197315
174663
175484
124373
123178
147865
124407
211905
224139
163895
206168
134039
150583
276983
80484
132007
176813
163323
177347
178931
155688
125159
146690
151812
130520
170591
165543
229213
104535
128051
148416
149134
183864
184643
162418
176301
114363
152154
153737
135870
105963
116637
148058
104368
126682
141341
165878
137642
144721
157380
181895
97451
240691
81719
213980
76693
140069
175236
95977
227875
285972
288564
132953
93550
209494
141629
180884
160598
120935
161330
154529
192848
178043
122936
174772
117619
181782
210102
190836
195064
174444
120099
219202
108437
181552
184187
111021
172047
122798
150313
200132
170272
156074
218068
231169
107675
130458
145569
138182
197989
93518
196415
199991
130958
142294
170706
125947
165696
113910
128647
