38093
39432
39897
40165
40105
39659
37806
38898
39461
38727
36513
36770
36413
38204
41469
40054
38677
36484
38997
43359
39443
40630
40724
39804
43387
40900
41413
38943
37198
42065
43968
40017
37145
44241
38252
37694
38077
38512
43225
40485
37144
40719
39630
42659
38682
41136
41347
40510
38663
40638
40069
40118
39291
37361
37404
42261
41234
39603
41813
39678
38918
39272
40348
37735
40046
35849
40808
38126
42985
36964
39810
39443
40335
41302
37458
37741
43121
38716
40130
40561
37303
38604
38003
40837
39482
40349
37040
38414
38500
42370
37093
36458
38422
41396
42503
38986
39431
38446
38862
37798
43785
38357
38100
39768
39781
41620
41108
36976
37647
41137
42721
38065
39165
37363
42639
39069
44624
38113
38288
42186
38153
39181
38407
37021
39955
40846
37252
38756
38521
37631
39699
38989
40454
44154
39678
38052
42084
41272
39263
41280
37436
41773
41171
39866
41059
38350
38921
37679
37598
39628
37581
39752
37769
39284
38823
42228
43767
41069
40427
37599
42259
40758
40609
37570
41057
37721
38167
39993
37796
40783
36768
39340
39451
37974
40898
37651
39290
39382
38293
37477
40114
38667
38651
40553
39284
38059
43745
38551
39145
39842
40300
41383
39187
38878
40410
40105
37528
39240
42754
41056
39289
39579
44833
37390
38383
41437
47010
38848
38365
40157
42139
40299
37032
37969
39306
41073
42529
37067
37975
39355
39740
41995
40726
38063
41129
37596
40058
40686
37783
37841
37214
40226
40688
42887
37341
40293
41940
39712
37279
37484
38598
38838
40883
40723
38975
39447
39194
38399
42706
38049
39343
40455
37243
40995
37131
41821
38381
38450
39487
39509
44155
38721
42073
41086
40844
39269
41670
39602
37851
39508
38198
41328
40598
38575
42701
36964
37703
41370
42000
46202
39846
38587
39943
40379
35944
39549
40447
40506
38617
40601
39153
39224
39613
40640
45465
39572
39628
39911
38876
40087
38201
37453
41480
42307
35659
35766
37342
41548
36841
38191
41273
39301
38324
38203
44072
39041
42070
38617
40936
40240
41889
39649
39981
39909
40749
36589
40662
41709
36468
40192
39952
38455
41081
42815
38885
38605
40847
43128
40189
40276
39792
40624
41690
38530
40802
42286
39927
39141
39830
39683
38189
42349
38944
38297
37939
37112
43943
37651
40158
39895
42493
41102
39853
37719
39536
37542
37728
36158
41902
37463
36968
38270
39500
37200
40882
37648
39395
41092
37750
41487
38914
38788
38573
37273
39352
39733
37871
40675
45752
37979
40445
39122
47249
38027
39519
38079
41355
38736
37057
37045
38170
38670
37096
38836
42945
40348
37748
39142
37657
37392
38655
40454
38931
44567
36792
40585
40720
42121
40186
37314
43229
39810
37380
39106
38707
40939
38373
39527
38475
40214
39820
37421
37369
39680
40262
40200
38642
38117
43784
40229
39181
41296
37595
37810
37327
40557
37199
40507
40374
39066
42639
39219
39018
41143
39268
43317
43348
39996
39873
39287
38239
41944
37110
44448
38428
38132
37110
38191
40228
38078
37639
37360
39027
38508
41033
36917
42879
38964
40359
39147
41885
41016
40292
40311
40944
38625
39867
38112
42752
41810
37458
39430
38803
39915
46822
36702
38175
38137
38292
42034
