25165
23494
23056
25410
25071
25624
25342
24120
23946
25976
26901
25288
24513
21848
26934
25263
24416
26075
24368
24582
24230
24575
24163
26403
27742
26760
25652
24209
25060
25424
23349
24111
24595
23246
23434
24930
24332
24217
26321
27710
22829
25418
23653
23123
24215
24641
24025
22949
25987
25750
25631
24006
23902
26229
24575
27137
25099
25222
26746
25044
23934
26478
23874
24907
24049
26682
27352
24019
22880
24762
24544
23591
24675
24702
24500
22911
22990
25261
26784
26429
24883
25130
23752
24012
24251
25707
25699
23405
24755
25801
24379
25024
24686
25982
24564
23481
28399
23210
24304
23037
23126
25375
23653
25121
25228
24134
23553
24163
27538
24801
25149
26965
23338
23283
24569
23724
23723
23888
24097
25889
26657
23711
24344
25720
24999
24213
24165
27461
24441
24111
24058
24420
23117
25169
24645
22758
24939
28312
24407
23744
23756
27327
23222
26483
24195
25157
23053
25149
23847
24017
23789
22649
22598
23854
24926
24006
25329
25144
27942
24331
25661
23146
24456
24333
24784
26491
24844
24701
25021
27594
27564
22914
25229
25263
24577
24589
25041
23912
23092
23925
22546
25059
28400
24847
24906
23591
23962
23897
23988
26064
25067
27446
23520
24467
25822
23821
26430
26769
25352
25805
25847
25308
24353
24087
23976
25802
26571
25867
25614
23790
24538
23403
23128
26037
24668
24307
25180
24070
24513
24543
25858
26769
22990
25292
23894
22789
24414
23686
24268
24362
26047
26574
23377
27105
25295
24735
27077
22842
22707
24147
24922
23162
24865
23690
23838
23200
27029
25258
24122
22671
25635
27423
24891
26888
24440
23010
25377
26132
24918
25076
24595
23465
22986
25793
24548
23971
23996
22451
26552
24393
23215
25683
23149
24485
27005
25575
23851
23444
23140
24463
25037
24177
26614
25157
24714
24994
24770
24399
24688
25245
24396
24392
22692
24785
24137
25829
27344
24113
26819
23468
27102
24290
24429
24864
23966
24572
24250
26286
23264
25044
23900
23946
23199
24987
23249
23829
23653
24114
24145
23816
27710
24312
26319
24668
22801
22617
27967
25736
24358
25191
23687
24800
24739
24082
23535
23274
26552
24882
28024
22982
23101
24443
25378
23873
24112
26979
25630
24348
24044
23661
25437
23594
24849
25681
25341
25535
25108
25325
23823
26025
23522
24515
23141
24938
24566
24911
26220
23265
25433
26686
23055
27009
23210
24628
25009
27215
25729
24479
23412
24452
27568
24629
24214
23961
24513
24102
22533
25304
24488
24757
23733
21359
25953
25849
23920
24416
22410
23559
23361
25182
23281
22591
26841
23813
25032
24898
26235
23972
23737
25843
24647
22632
25013
25692
26059
30968
25197
24120
23163
28240
24900
22898
28092
26417
24853
27073
24849
22923
26617
24058
23043
25215
24288
23865
22924
24026
28116
25087
22577
22957
23553
26958
25029
24435
24201
25498
24680
24941
24270
24571
22747
25690
26376
24301
24094
23560
23548
23336
22949
25188
23072
24200
23721
23487
25330
24864
25027
26071
25526
25832
24358
24634
27133
23625
25393
23452
25320
24682
27600
25351
24563
25425
29395
23757
25527
24249
23326
26797
26601
27444
23824
23349
22855
24780
25124
24394
25136
25116
22928
24163
