52220
50965
52813
53881
51757
53464
62341
62014
56644
59751
54861
52742
54522
54020
53313
54077
53921
53826
59050
53977
51588
54593
53844
54105
55623
58030
59984
54720
51375
51442
55847
52811
54405
56425
54249
57001
54713
51394
55966
55101
57168
53341
52741
56486
52420
54198
55815
58033
51231
54655
53068
57960
54596
57593
51519
54714
55801
58795
55103
52005
55166
53918
54016
54004
53067
57752
58295
52843
54438
56074
55876
55727
53229
54511
65005
53694
53042
55329
52822
63128
59537
54001
59984
53836
51506
55400
54525
54186
53751
55541
54305
57426
57487
55017
50735
58314
59484
53108
56000
56736
57953
56695
56892
52489
60069
54665
52294
52500
55624
52233
53757
55812
53316
56500
53042
56149
56897
55510
57748
56925
55727
55039
56382
55146
55728
55327
53831
55644
52644
52496
55969
52509
53691
50923
53528
53470
55342
51142
54045
52041
54404
55560
54350
56988
53100
57761
61708
56633
54656
53826
53164
52024
52934
51327
53423
57506
51730
53971
56348
55356
54566
51953
56571
54891
56715
58539
57036
57424
55543
56359
51513
55104
54243
61943
50929
55377
58361
52679
53341
58062
54796
59321
58239
52161
55332
55724
60313
57356
57037
53031
53826
54674
55245
52717
54398
52439
54178
58041
52769
52933
52528
54905
53927
55451
53312
57868
55205
57356
56293
60267
56791
56607
54204
56089
53438
52766
53777
52263
54651
53595
56192
60053
53961
58731
63395
51304
51797
53870
54043
50858
51461
51650
54759
53689
52239
54242
53458
54052
52771
58149
56246
55499
57911
55277
55842
52029
54797
57812
51241
52468
58412
60746
56763
54291
57644
53100
56006
51556
55853
53928
58980
54396
52929
53900
52265
58924
57660
61902
53471
55833
53267
52369
55911
56732
53361
53145
52721
52286
52572
56023
55845
55109
51798
54427
61378
58737
58707
52868
54764
54216
52795
51477
54515
54643
57822
60751
59124
61032
55803
56690
58852
54039
54383
54593
54564
59747
55330
54556
51673
54420
55550
58213
54762
52703
55517
57610
55091
53594
51560
56968
64350
53541
52449
55389
55871
56171
55552
51913
55022
57156
58887
53732
52862
54177
52180
54362
56590
54943
51580
53193
52537
54392
55691
53130
51277
51407
56967
54027
56300
52401
53912
53356
51254
55937
56296
55258
65153
53234
52087
54176
53839
54583
58682
52392
57712
56937
52524
52749
57883
57203
52484
55325
58241
50899
56873
54615
50972
54360
53536
54189
54899
53139
55363
53389
50556
56261
54777
54610
59125
52982
55497
53232
56234
52582
53833
56517
52885
57793
53378
55902
53355
53387
59443
51006
56038
55845
56418
56555
53355
53208
54312
55287
55362
56223
52568
53962
52288
53673
53430
52044
53122
56280
54009
54011
55489
54414
52679
58213
58434
54125
56115
51623
56910
56605
56203
55472
55825
58891
54003
59569
63388
54477
51791
59222
52775
57378
56310
55205
60589
55079
52290
55523
52117
53320
54695
54472
51613
51339
56354
53402
59180
52462
55627
53388
58061
53074
59485
54641
57653
54102
55204
57980
51413
56425
54072
55785
59921
53597
57458
54810
55643
57724
59017
61250
52938
56753
53163
52223
56284
55534
58295
58669
56404
52634
56644
52673
52463
60740
51626
54855
