1919628
1898451
1902192
1912065
1916398
1920901
1893368
1919597
1902199
1897756
1920690
1880778
1918006
1904062
1896416
1875640
1903349
1908650
1916131
1907734
1907576
1897085
1918307
1935461
1914350
1902994
1913390
1923625
1916641
1889249
1914677
1920451
1909039
1920108
1900564
1917098
1908975
1890942
1902740
1911034
1903563
1910562
1912516
1931507
1894002
1907881
1899077
1926151
1924706
1882456
1894766
1919106
1901941
1903037
1904496
1900793
1887326
1890179
1873607
1921188
1935184
1921194
1888931
1916506
1919197
1921043
1929064
1937996
1890826
1921227
1893612
1920676
1904023
1910416
1891028
1911468
1897462
1881576
1901357
1888815
1881834
1900112
1921947
1886489
1933722
1912112
1904580
1898956
1914184
1901018
1914148
1910743
1893490
1895026
1906351
1908532
1900818
1886604
1908395
1880262
1932220
1910705
1916124
1883307
1883528
1901682
1922514
1909089
1896838
1901298
1900379
1880499
1901949
1890390
1923007
1918231
1897780
1930652
1896918
1917597
1895798
1901895
1886865
1902235
1903722
1922068
1906204
1881202
1878753
1916008
1906924
1908009
1915304
1883101
1885996
1895679
1911640
1905876
1910086
1897424
1902865
1881363
1883042
1912032
1895182
1924158
1910193
1920382
1888201
1910396
1899950
1913437
1883177
1874341
1912828
1934271
1907652
1929454
1912144
1915102
1942676
1894965
1915468
1895971
1905642
1897153
1890482
1906069
1889929
1908802
1899916
1929152
1920968
1917311
1901002
1922940
1925238
1919874
1916576
1911041
1927681
1898871
1913903
1914564
1930515
1897403
1901459
1933698
1912314
1908973
1920686
1928555
1921212
1872316
1912183
1889499
1928765
1893964
1907304
1905343
1900735
1890620
1910797
1899123
1923307
1899971
1903855
1910486
1923277
1903687
1901623
1904798
1884075
1896225
1917533
1905724
1928775
1911988
1881980
1912983
1907439
1904319
1921941
1866661
1919384
1917123
1911713
1927694
1917953
1882387
1906712
1877217
1889938
1929286
1889597
1903511
1913919
1908499
1901511
1895447
1885974
1925587
1905007
1929895
1940759
1911093
1897319
1886620
1892962
1880804
1894980
1890174
1919399
1917705
1904346
1897390
1903884
1908696
1906733
1896738
1891733
1912796
1931612
1907446
1897855
1916414
1920977
1892947
1920500
1904887
1897316
1898766
1866321
1894112
1906460
1917472
1896754
1906859
1911028
1931156
1881708
1909992
1902071
1911932
1891068
1924334
1903928
1916454
1913574
1920194
1934084
1913604
1901629
1905804
1900719
1903476
1902116
1934673
1907906
1896593
1901181
1897394
1894347
1894270
1917430
1895708
1922555
1923844
1902827
1901000
1902803
1912038
1906524
1918875
1935149
1911728
1895378
1925626
1926470
1879300
1895882
1902640
1905164
1877993
1910797
1899236
1905510
1874052
1884966
1924721
1923814
1894180
1888394
1927300
1888212
1882760
1904590
1911897
1903681
1911735
1897216
1902830
1896064
1925063
1921949
1921606
1903530
1930942
1910812
1939836
1895645
1906575
1891772
1911230
1901966
1902033
1900707
1885338
1914740
1906441
1926000
1887947
1890646
1901216
1898572
1883705
1911394
1885257
1915270
1910626
1903827
1929640
1932992
1921200
1908897
1920266
1902912
1911243
1915858
1903160
1880399
1904899
1893831
1852124
1894843
1926794
1913428
1918435
1900695
1904402
1925213
1906522
1910716
1892936
1930259
1922151
1908612
1880241
1921789
1916138
1907560
1899615
1869127
1916657
1905176
1929031
1917498
1893607
1913751
1871288
1903083
1903612
1892602
1904159
1939405
1861549
1922450
1914169
1887257
1872909
1903750
1909743
1893716
1940172
1903728
1896094
1925217
1910187
1928695
1906562
1927035
1907149
1929357
1902607
1923545
1908743
1914087
1930228
1913471
1892405
1911055
1923882
1897437
1927278
1921814
1893664
1925266
1908288
1903872
1907974
1892336
1931696
1922812
1923883
1894372
1918948
1909342
1886272
1884907
1917802
1875521
1904580
1903940
1915990
1917614
1894316
1900221
1921592
1900827
1902699
1907715
1927113
1876082
1903715
1896068
1892094
1920892
1883388
1904321
1914022
1944285
1882265
1875278
1899672
1912195
1897048
1911855
1905963
1910344
1897587
1881705
1905950
1913238
1914978
1908103
1926841
1917564
1904473
1896666
1899203
