7620343
7664583
7674071
7663010
7615132
7691316
7652138
7628114
7672711
7709068
7674462
7588257
7673056
7719916
7579777
7652792
7665840
7538775
7641178
7575128
7603070
7600407
7583037
7650147
7635634
7629215
7558751
7674774
7637840
7649554
7577636
7737008
7643879
7594300
7645229
7610693
7590567
7606373
7639399
7665962
7669280
7617282
7634236
7612904
7656827
7655160
7639227
7628367
7693278
7725315
7705284
7613894
7672822
7616834
7643786
7531443
7587583
7677873
7652034
7687811
7665937
7618198
7628137
7678438
7593929
7609886
7614804
7591409
7548492
7674988
7649348
7624241
7643126
7597083
7682788
7689173
7601923
7551698
7680930
7624480
7608319
7686152
7612542
7627731
7570257
7657084
7545808
7580332
7589637
7550628
7653635
7590157
7582848
7666987
7571124
7590586
7643741
7704673
7650783
7741779
7618237
7560906
7665757
7664759
7634640
7681776
7556828
7706550
7672997
7647126
7633650
7605124
7584869
7640575
7623288
7590718
7602653
7618409
7571221
7648016
7613427
7662472
7617886
7641631
7586245
7658454
7661914
7589865
7629855
7555834
7651938
7575660
7621562
7698308
7601246
7651203
7634879
7619550
7674947
7652817
7642736
7600010
7634461
7600494
7691071
7520953
7687772
7676526
7667968
7585979
7620500
7691633
7634859
7701382
7649426
7625184
7641128
7513520
7508473
7632701
7704862
7615610
7662922
7603430
7622931
7633900
7681095
7575665
7626724
7616111
7644820
7607207
7694510
7597078
7580475
7592181
7549874
7659329
7606813
7594849
7597791
7658907
7632859
7657271
7627003
7567487
7638479
7607418
7595221
7648923
7582687
7595824
7612169
7637511
7591438
7617976
7683544
7614015
7610781
7633758
7758855
7575780
7630020
7646088
7670521
7597144
7589475
7654631
7567630
7608112
7631399
7585675
7654183
7651208
7594417
7665460
7539995
7652983
7571381
7601221
7607905
7582237
7634755
7634386
7657952
7594338
7677104
7615222
7596940
7610666
7661898
7614710
7625227
7633101
7660714
7642520
7618185
7539019
7706687
7623825
7622539
7673624
7617439
7611095
7640868
7518003
7554546
7589024
7658067
7657490
7579580
7682953
7616058
7597855
7601219
7622887
7617960
7734635
7651863
7560862
7619237
7591388
7672789
7695411
7629211
7540315
7525522
7605535
7528528
7593881
7689263
7655479
7657351
7694230
7680593
7661761
7640671
7700832
7615263
7637685
7579705
7610517
7639023
7633796
7670186
7630308
7674509
7634383
7565466
7651204
7653684
7623732
7604886
7594147
7690338
7625470
7596068
7682627
7627052
7637707
7645243
7644552
7588469
7698347
7550226
7641519
7666411
7617415
7676947
7643593
7621922
7698025
7670006
7612604
7596866
7621577
7670507
7581101
7677549
7621991
7557679
7642402
7560001
7633399
7596321
7599967
7580350
7664058
7644216
7576096
7583975
7614430
7667800
7613757
7630285
7640369
7649306
7702124
7593957
7575680
7583469
7631480
7658320
7612205
7683765
7594445
7698531
7626301
7613178
7646270
7621234
7527806
7579163
7594097
7686671
7700779
7623753
7606128
7591482
7595796
7618642
7636900
7600715
7682500
7596180
7685875
7590076
7625234
7628292
7584251
7663590
7685873
7669289
7580453
7608239
7622191
7587624
7563897
7644610
7650494
7629945
7568121
7628787
7644776
7712917
7678825
7622555
7575043
7658071
7631853
7669242
7591897
7671287
7673875
7626702
7604172
7635946
7624501
7681621
7686678
7623315
7612706
7647091
7671425
7565274
7629562
7610839
7611784
7693410
7708369
7564546
7655020
7651045
7627623
7630192
7614107
7623152
7559304
7623707
7678699
7630855
7726135
7659029
7678432
7688319
7597832
7612466
7713250
7629919
7654900
7636846
7532936
7659806
7612512
7711671
7555122
7629559
7572213
7677450
7636152
7668832
7663762
7649207
7630105
7605892
7573356
7632848
7591433
7666989
7632103
7701168
7622533
7693355
7706034
7610452
7610718
7602742
7609744
7663585
7573957
7586280
7577076
7661422
7668943
7572472
7688711
7622616
7620489
7612503
7613614
7603228
7691378
7612512
7679487
7585689
7582702
7577789
7669431
7642950
7707478
7618547
7627175
7582848
7655387
7575927
7701593
7673803
7619623
7585523
7588770
7705445
7634554
7543628
7610778
7536525
7625281
7647785
7614591
7565491
7598673
