4256791
4255153
4281546
4316300
4325076
4276027
4251575
4268993
4305539
4303522
4315733
4304327
4299659
4291311
4295989
4324338
4269873
4321710
4285403
4263998
4253887
4268987
4291073
4268736
4299528
4332407
4285007
4303956
4289879
4278711
4347652
4284360
4285168
4311045
4298630
4278986
4361405
4300198
4282212
4263991
4298211
4282906
4294730
4333168
4308160
4265058
4297128
4282886
4216863
4336966
4322840
4269043
4290351
4327022
4287224
4249813
4271864
4278085
4246202
4310907
4273470
4297669
4250652
4345055
4319062
4281497
4272982
4272943
4293588
4300838
4276343
4277247
4265474
4295071
4282193
4277376
4266574
4318034
4349053
4251507
4300477
4298588
4303242
4281655
4290424
4260613
4261959
4283447
4312072
4309533
4296207
4267493
4283807
4300209
4242095
4305335
4252836
4346486
4298291
4264477
4287413
4304285
4289158
4330346
4369334
4312251
4303585
4285068
4271455
4195723
4306165
4327219
4327638
4281936
4358800
4303907
4297605
4289692
4253660
4293226
4296207
4341329
4249419
4298777
4282234
4337280
4288124
4278673
4254396
4288884
4286996
4269863
4320438
4285205
4272212
4276426
4266072
4302421
4307369
4309771
4305134
4316346
4272120
4301073
4267047
4282561
4275408
4273487
4295536
4281226
4267773
4313538
4275359
4305532
4283718
4265775
4284728
4338196
4328707
4288130
4240068
4292439
4291496
4266942
4235762
4221613
4286068
4296671
4280327
4309649
4293386
4315680
4291929
4314369
4348354
4296780
4292366
4274665
4277822
4262632
4344954
4293327
4268276
4251103
4302623
4302805
4249219
4297204
4300589
4306373
4307723
4268400
4299447
4328515
4249439
4347127
4276265
4295427
4281935
4279038
4273552
4271377
4308125
4292933
4303381
4215924
4316612
4267950
4282952
4304492
4280886
4301977
4313238
4277666
4282164
4323776
4319805
4289592
4294640
4267494
4267407
4300458
4274209
4290382
4293909
4275191
4237666
4324870
4276174
4308348
4276566
4341491
4254688
4285270
4257264
4333627
4277449
4254385
4281718
4273122
4320638
4309723
4312613
4315615
4271567
4244164
4255134
4279892
4289336
4290247
4306928
4290970
4322520
4293049
4286903
4242050
4336909
4288576
4300544
4295243
4304607
4272845
4333381
4224597
4262895
4313612
4322753
4290663
4362191
4276919
4310224
4253836
4288869
4296012
4277916
4261585
4286358
4260479
4266720
4328776
4292243
4282066
4308175
4262060
4323403
4325631
4309207
4276428
4270902
4312620
4236015
4311103
4281684
4284884
4275324
4352557
4302200
4301859
4318548
4297167
4327764
4312601
4288480
4225190
4318600
4274741
4302758
4332839
4287660
4270977
4302016
4352064
4274099
4293223
4298738
4321065
4254264
4261211
4276368
4303950
4279105
4333599
4338191
4290772
4307089
4314212
4277585
4303625
4306569
4262704
4263085
4263017
4260040
4285643
4247849
4282280
4357814
4310514
4254347
4308618
4301281
4260616
4294337
4270695
4255243
4269617
4299529
4317424
4311913
4307080
4274874
4287985
4353540
4336423
4303212
4304035
4293758
4297214
4279881
4315866
4321634
4324627
4272566
4352386
4301401
4300655
4344571
4262083
4306325
4291778
4258017
4327580
4291361
4326410
4288710
4262573
4299782
4287110
4303274
4304636
4306413
4249575
4319217
4299912
4280126
4317336
4295634
4311771
4257404
4324149
4245901
4299002
4341208
4298603
4332291
4321056
4288186
4282150
4279677
4309879
4341615
4311571
4308439
4309594
4306430
4307487
4285392
4270930
4270894
4310124
4297846
4250379
4305519
4317717
4298520
4295099
4283505
4284650
4248134
4307688
4275332
4299823
4297064
4324536
4295825
4240492
4308998
4301852
4283450
4341772
4299771
4273127
4272098
4290803
4247683
4297061
4262312
4267053
4260500
4292420
4292085
4338325
4310195
4290782
4273196
4316218
4300763
4283244
4261895
4287431
4276165
4331032
4252788
4270705
4256973
4292707
4285297
4281193
4254437
4279220
4249780
4333162
4291845
4307470
4295650
4275086
4301649
4273760
4295169
4284492
4231101
4283600
4324356
4284756
4263784
4275811
4218666
4280899
4241099
4342379
4297269
4289189
4263138
4315291
4275333
4306855
4319262
4315420
4316567
4311922
4330832
4273864
4290358
4290396
4294917
4286692
4287527
4282771
4297761
4301754
