475167
474224
480214
471418
478889
474761
484452
474164
476530
480444
470716
483688
478986
463158
473674
475728
474406
475422
477736
482548
473835
475437
478336
470990
482898
476544
478556
475426
484382
478930
481905
474444
478530
488850
470262
478263
477778
476746
475000
479438
477165
474095
484046
472318
478529
477520
478142
467494
472724
478370
476062
459751
476082
483498
481746
479362
475739
474769
476184
474402
483831
475458
478141
472179
474581
483980
481008
469707
483149
477578
475272
478617
476593
480810
472611
471858
477315
480372
477656
477866
478947
475752
477073
472732
476597
481196
481332
475467
481039
483602
478205
473712
481839
473094
479015
477121
476588
476789
464910
473613
485078
474414
472592
470482
474184
476762
470915
476234
468818
480656
473497
481853
482142
474115
479288
479206
487441
483290
475896
474152
477622
475038
477216
483500
473609
469182
470534
471814
474844
474066
478685
483444
479164
460124
468669
460888
474558
476432
474472
482776
474276
468570
480929
471880
478581
474784
477278
471095
477697
476368
475920
479626
482940
477448
474294
482485
463793
480771
476918
459711
473424
474632
465274
476870
477293
475167
476657
473990
477294
474350
478606
481736
464435
477188
484720
471867
475572
471884
479740
479962
480042
477384
472253
477866
475014
474548
479437
472830
482289
473745
474412
470928
476426
479708
474022
472521
468887
477202
465031
482021
479831
483819
472817
476498
478158
479800
473214
473398
478496
477705
478462
482888
476991
469556
462508
474907
476460
475424
474372
480428
484292
472522
482410
483804
474096
480638
471446
476767
487970
473177
483330
483152
481874
472056
469509
478454
478875
483588
482558
470138
478435
478560
474436
474272
482752
476613
466856
476511
473914
467924
474026
470680
475528
477372
479799
475291
477786
478705
483877
476918
478186
477574
472114
475754
478219
468006
472145
478248
483219
470829
478010
475838
467277
472190
477226
469394
472440
478116
482887
478254
479661
468918
472100
475748
484610
482044
476196
481471
468646
483669
486025
475510
479153
487610
479181
478694
481126
471158
474192
486216
481228
478744
477285
485203
474115
474923
480115
473644
478159
481265
482540
480578
475108
479384
478378
479593
465233
478570
483132
479989
477805
471038
478688
480216
474469
488720
479878
473404
472764
472118
483316
479382
472746
479594
471328
472872
473936
486372
482844
479798
481434
478472
484422
485776
469771
478631
464625
473628
479626
470002
468810
479235
484514
470136
467139
485800
480060
463694
472287
479763
474020
475018
484206
476133
482546
478718
473558
471876
483338
475252
473874
474058
467644
478206
469106
484868
470816
483226
476368
476993
462908
472827
471370
476142
480849
473886
476136
475103
480455
476820
474696
465877
486526
486818
477180
478199
487380
475872
481837
479374
473682
466128
484076
479209
481467
473882
471116
478406
467326
472842
482631
474996
479634
472338
472150
466256
474158
471983
480327
467940
471038
475931
469186
475572
468888
481658
472963
485498
483760
473950
473228
478247
472295
476320
474485
480437
482430
477670
474348
475058
460740
480871
482532
479025
482500
467196
490821
481434
469944
472268
481915
480538
475394
478174
483540
476216
477486
475268
466973
483402
487586
475668
474428
475848
466452
475724
470468
481031
480310
482508
481380
467156
474070
470539
487840
472883
483986
473280
477715
477860
474942
479484
485834
464781
475050
482232
475894
478209
477832
482485
482830
473406
479555
477348
482883
485122
464846
473850
477590
477788
