4295038
4250527
4274014
4294464
4292047
4237314
4284145
4257197
4301291
4313193
4250121
4272617
4276202
4277215
4250878
4280765
4250345
4287245
4267095
4270302
4280331
4323796
4246607
4279765
4317257
4319283
4278746
4298281
4255884
4284235
4282200
4300184
4288848
4286067
4269161
4267038
4257737
4289930
4295054
4299738
4297321
4261494
4253726
4275882
4276233
4253034
4288332
4254203
4281812
4264468
4267635
4292199
4296971
4280042
4261860
4251155
4260910
4294036
4306185
4287843
4278422
4335841
4294107
4280445
4298231
4288297
4312509
4307990
4251810
4314341
4273390
4259553
4260986
4268869
4336761
4287346
4281182
4267228
4282305
4275607
4297004
4305366
4261136
4278626
4289149
4286955
4262977
4264585
4261666
4261332
4300656
4292605
4280953
4293793
4283534
4267867
4301762
4282790
4306850
4284886
4275282
4287555
4277268
4231872
4298374
4224686
4293497
4260426
4297745
4298771
4304319
4274809
4262806
4249806
4285900
4274462
4279740
4257559
4279702
4258977
4285115
4299603
4306613
4310175
4257555
4281811
4300898
4323355
4287332
4304660
4292199
4271112
4276850
4307186
4265570
4312844
4259405
4277586
4306205
4265972
4274107
4291285
4252479
4260091
4281370
4276967
4291598
4247870
4258745
4299911
4284681
4279668
4288284
4257402
4308215
4274659
4287550
4285965
4283859
4286627
4270107
4295953
4267373
4251972
4289448
4262795
4266979
4290756
4281507
4306951
4277823
4246662
4279067
4283178
4291775
4285516
4279818
4273433
4293439
4280708
4277117
4301626
4291612
4308368
4292226
4292598
4288109
4278879
4270982
4286096
4314263
4278551
4290739
4257516
4281343
4269524
4284132
4260943
4267850
4273473
4288412
4294153
4251542
4293363
4283756
4285363
4293432
4272471
4289601
4249708
4293697
4267547
4283129
4327453
4282339
4307464
4282670
4308482
4278244
4299323
4273786
4282315
4268409
4277999
4252810
4275424
4287965
4349003
4262808
4297867
4300139
4294848
4267603
4305179
4297089
4299771
4288159
4300765
4318842
4252706
4256529
4319025
4282795
4213640
4282608
4261200
4268986
4279553
4287965
4296576
4277424
4285210
4294173
4295491
4246451
4310322
4309638
4267882
4305741
4306138
4293281
4259489
4300348
4286999
4317783
4284980
4303140
4276989
4275434
4265376
4309936
4296779
4317226
4300247
4284146
4292116
4261496
4288736
4277757
4291585
4295108
4281996
4330166
4293200
4311131
4281140
4244082
4313639
4284880
4253186
4260121
4266282
4270931
4319564
4297421
4262792
4299972
4282738
4293321
4285070
4317262
4257989
4317460
4251316
4283667
4295511
4269175
4285864
4302211
4278425
4273078
4239041
4280501
4285953
4259553
4281099
4240905
4297016
4273697
4336920
4261973
4278292
4263383
4307936
4277934
4300724
4268041
4288273
4269295
4300078
4256829
4270792
4268068
4272576
4286475
4298810
4282220
4278124
4254314
4267506
4307303
4280866
4255609
4271468
4279908
4279313
4285867
4291885
4310076
4260554
4282002
4266463
4257682
4255920
4294364
4314989
4273864
4299846
4291940
4286538
4289769
4298117
4290524
4257259
4275421
4276993
4258495
4296553
4298877
4277270
4297318
4270431
4264623
4284266
4263040
4297643
4250597
4275863
4259422
4269234
4288657
4283125
4248254
4284674
4251188
4272675
4302099
4263394
4284250
4235821
4318083
4294276
4264566
4303258
4285897
4247499
4220335
4274121
4255233
4309624
4287398
4294172
4287636
4278981
4238503
4282262
4304719
4288117
4284256
4271106
4244534
4272148
4289847
4307337
4278676
4263478
4269236
4290509
4293040
4288879
4284179
4296407
4281940
4265032
4288986
4284813
4252868
4284184
4299569
4266294
4242012
4289978
4270620
4292544
4270800
4281398
4285975
4308105
4281214
4285680
4274279
4270536
4273033
4254947
4283442
4267235
4293474
4254569
4292858
4259278
4318059
4273865
4285283
4288037
4257688
4306733
4291109
4306585
4281436
4293156
4271025
4290222
4307085
4265258
4290048
4293234
4275970
4221787
4273551
4315891
4284954
4263750
4272433
4271248
4287934
4291226
4290811
4288284
4247150
4268456
4284999
4325251
4288324
4281787
4272208
4306247
4254582
4303843
4285901
4276053
4297156
4255270
4241917
4310146
4264699
4293109
4236166
4266999
4253408
4277372
