1916168
1894263
1903393
1894084
1907060
1889593
1904375
1908052
1902301
1892723
1887581
1899866
1918721
1908758
1902166
1914639
1905139
1884140
1906600
1913565
1888755
1918163
1890139
1914980
1887758
1898876
1916456
1905537
1908274
1892591
1924023
1888326
1909552
1898985
1903873
1905039
1879250
1907421
1899004
1886176
1895684
1915019
1906768
1913116
1900019
1897675
1901311
1906920
1903283
1912521
1903169
1889983
1906834
1882221
1889187
1886896
1891502
1886142
1892250
1910095
1896843
1898635
1889236
1912262
1897243
1893100
1916680
1915386
1895957
1909943
1906666
1904205
1898581
1892563
1905902
1894996
1919504
1913687
1912049
1906084
1912375
1898085
1913591
1915165
1902289
1898965
1888650
1901563
1909022
1904212
1903312
1900396
1906456
1910047
1885094
1901658
1890119
1908739
1890214
1891511
1910706
1918025
1906647
1928074
1919767
1908295
1890874
1905714
1897699
1894582
1891288
1898276
1894320
1886117
1921533
1899786
1894712
1893371
1901569
1908513
1925784
1915013
1904334
1895591
1907272
1898297
1913109
1918579
1885569
1905000
1898851
1888290
1915992
1912286
1907277
1894099
1905453
1901668
1874439
1902334
1912398
1900624
1909331
1897713
1923806
1909952
1901990
1889581
1905268
1903797
1922288
1907880
1905421
1920710
1904311
1882197
1906408
1897676
1890194
1893621
1924805
1911008
1911637
1894982
1899343
1907723
1896938
1892661
1890268
1895231
1891034
1906194
1895829
1894985
1901732
1901397
1895713
1904564
1898074
1888283
1899973
1905544
1902068
1896912
1883788
1884285
1902085
1897827
1910826
1893454
1901730
1911844
1878783
1900101
1883413
1893524
1896462
1921120
1923296
1908246
1896632
1889686
1906250
1908574
1901685
1897201
1885281
1917819
1895635
1895918
1911561
1911847
1895331
1895617
1873705
1898483
1899088
1900394
1923351
1911793
1908265
1913485
1891643
1889557
1897912
1919188
1910521
1910738
1903068
1912822
1897642
1894054
1899289
1922414
1891537
1899976
1891628
1912722
1898962
1894415
1906909
1899644
1916202
1895298
1905218
1897697
1901491
1917448
1920535
1911001
1894654
1915192
1883626
1895670
1900645
1905842
1912814
1897924
1917234
1912459
1911710
1894908
1903149
1896267
1900348
1914582
1911618
1912612
1900383
1894051
1905728
1912390
1885782
1910563
1908847
1908301
1907287
1906004
1896215
1901668
1903203
1884860
1915669
1898459
1895026
1897660
1916539
1902518
1903697
1921758
1897121
1893574
1902024
1888447
1908232
1910185
1898553
1915328
1888598
1912374
1894134
1910379
1906437
1893327
1910798
1896328
1914305
1906927
1916413
1900111
1902778
1888651
1882669
1895407
1935998
1896207
1887497
1913262
1891784
1897881
1911679
1918714
1896104
1916861
1908754
1889983
1885265
1915558
1883841
1905944
1882300
1882509
1905669
1890795
1863475
1896427
1909568
1897518
1905293
1909081
1901274
1888184
1907336
1883351
1911685
1894506
1895911
1905897
1908773
1888704
1895989
1903765
1905431
1884337
1908586
1892291
1907548
1927534
1908615
1901534
1900676
1896982
1913481
1930192
1910681
1889054
1901306
1910878
1897812
1912367
1916752
1904994
1898984
1916628
1909538
1897165
1883868
1927438
1903500
1893964
1902971
1899607
1904445
1887493
1899569
1904543
1909303
1911256
1894759
1915882
1906319
1914391
1902626
1896177
1906769
1898519
1925036
1897366
1887904
1903163
1908104
1913290
1906876
1918383
1901017
1908454
1910004
1899760
1900070
1900745
1918817
1884926
1903116
1902922
1919539
1903112
1909553
1912786
1902766
1898648
1898482
1913985
1902306
1899797
1879807
1899227
1892608
1876174
1901589
1907825
1899578
1900536
1904517
1900047
1914647
1896163
1894928
1905794
1894901
1907140
1884930
1923865
1883481
1904226
1904943
1893329
1886329
1916821
1919003
1903392
1914795
1893210
1912884
1893000
1897545
1902655
1906131
1910142
1901184
1919255
1918653
1897660
1897651
1897526
1892578
1899768
1924295
1906051
1914553
1912153
1892452
1902025
1907348
1916730
1886573
1889572
1886632
1901236
1918271
1895999
1896000
1901807
1875732
1934320
1914193
1893103
1889273
1897663
1920685
1914961
1911967
1889357
1894084
1911644
1919664
1900326
1912418
1903910
1907576
1909191
