7536573
7559570
7604756
7569292
7552219
7574723
7635827
7659254
7609468
7617046
7529125
7611541
7596969
7657143
7553102
7590194
7582237
7637303
7642254
7626526
7571212
7632213
7638491
7602690
7641006
7653074
7628390
7632556
7634320
7595078
7663201
7607156
7611226
7636759
7638722
7629870
7644178
7574802
7678307
7640069
7606593
7641435
7611409
7593202
7612049
7587733
7592890
7591872
7605811
7559527
7565081
7605336
7599949
7585733
7599509
7626800
7643848
7645745
7599404
7622084
7635504
7579241
7632542
7575612
7583633
7606419
7647940
7570380
7604683
7549536
7637691
7621309
7630882
7640898
7595977
7595681
7628691
7641030
7599925
7645793
7630525
7654699
7630865
7599247
7601489
7563574
7565329
7687018
7592004
7644555
7598485
7630719
7531848
7625225
7647732
7595198
7604410
7622375
7621778
7595270
7604423
7594277
7582185
7645818
7623300
7642132
7537148
7597084
7621423
7627637
7649349
7617075
7605558
7594363
7622020
7641974
7547642
7602365
7596465
7644482
7616617
7607563
7596051
7607903
7597938
7604313
7551926
7661796
7626782
7613214
7596466
7656631
7595571
7567026
7572717
7577220
7567289
7598784
7633684
7614220
7630325
7645231
7611818
7650896
7614197
7573206
7564824
7643142
7626254
7610518
7638959
7636001
7589489
7556414
7565162
7616837
7645149
7653360
7608611
7607532
7668641
7582055
7628310
7652123
7627310
7654321
7554525
7651753
7585852
7620493
7594341
7610253
7594532
7599289
7598095
7612213
7594811
7593247
7643866
7620720
7636579
7603394
7606229
7615372
7612061
7625398
7628232
7645011
7577884
7626730
7567458
7644564
7581002
7606163
7642367
7573444
7580791
7632492
7584210
7586372
7606249
7636669
7561861
7653430
7659911
7610279
7606204
7663593
7618579
7595172
7545913
7613423
7591054
7678337
7564272
7598899
7636528
7623097
7654217
7582351
7621682
7605496
7632881
7620695
7605573
7607730
7642897
7602654
7643148
7599043
7608414
7613620
7649702
7677122
7648019
7657597
7578130
7630260
7563863
7598995
7636969
7602072
7615086
7617138
7605536
7641736
7574975
7625730
7602821
7594852
7609473
7577958
7623675
7588322
7634815
7573278
7610332
7674414
7553158
7622943
7632736
7609173
7663908
7579854
7622321
7594536
7608012
7655195
7568954
7635299
7652011
7638386
7582383
7582519
7669196
7651079
7615324
7658382
7641665
7621388
7562697
7561584
7599549
7551351
7640885
7608882
7587393
7638867
7615790
7632833
7598373
7686944
7639264
7643974
7575515
7680464
7620948
7589425
7659485
7584365
7657912
7612548
7615202
7552136
7591675
7633058
7584478
7601261
7637021
7630555
7589713
7605752
7670704
7629468
7622205
7624352
7642947
7586690
7592854
7562071
7560881
7603912
7624551
7606038
7571941
7666231
7549463
7605858
7588603
7687317
7563619
7632215
7601076
7558501
7543319
7622212
7601197
7581234
7648472
7652430
7621140
7630921
7637353
7642647
7634774
7636520
7614209
7570802
7613150
7613556
7682144
7648290
7649899
7610630
7576644
7618347
7598873
7581959
7609038
7648973
7637902
7603462
7675075
7625556
7607892
7635071
7594442
7650788
7568732
7668009
7634695
7613175
7627374
7622345
7592406
7593737
7615633
7601322
7600519
7566621
7603462
7618721
7638567
7548076
7639668
7622591
7600779
7651034
7595559
7562997
7653324
7603550
7625415
7627310
7647379
7627241
7594025
7660869
7595392
7578918
7606244
7623079
7571537
7591879
7602624
7611921
7619875
7630813
7648099
7662200
7675817
7658920
7615560
7626167
7664067
7602423
7624988
7627271
7568494
7675230
7657880
7588709
7605509
7625644
7585999
7580748
7614481
7569440
7598073
7603987
7647617
7613788
7613823
7632660
7613819
7577357
7593856
7579058
7674340
7643176
7632606
7681127
7634483
7658331
7589995
7606705
7632379
7618940
7634392
7584161
7599828
7611722
7694436
7623942
7620541
7586566
7645840
7577639
7665854
7576896
7612304
7572892
7615398
7630671
7568265
7653976
7594759
7555936
7635205
7626902
7603316
7610185
7618585
7576549
7628073
7622524
7603552
7564202
7598292
7585446
7579098
7607358
7640362
7650430
7602955
7621085
7585977
7587798
7631523
7634039
7605895
7608741
7616275
7657200
7600980
7617427
7612825
7611537
7613708
7520132
