471334
470121
477971
476847
471538
472549
473144
480326
472643
478999
473354
475321
473947
472013
477347
475197
485158
479184
476146
469530
473693
473837
480558
478947
469850
472481
480448
471721
479361
469790
477588
474556
471986
478347
480936
481055
475933
480170
477182
474781
479796
479102
474199
469253
478631
468801
468442
481364
483805
476092
477373
471305
476456
475134
476685
475360
474559
477882
477475
477681
474944
469392
472369
475807
478013
474314
483423
472792
476810
476829
475021
471704
481557
484847
471598
473538
478357
472534
479150
476923
475649
476638
477143
472010
473581
471584
481514
479509
477491
470727
477279
480923
473789
475008
475160
474392
472204
478818
471813
480162
477924
471845
474569
479130
477614
475766
477982
475230
480070
475858
474040
479571
472810
473010
468925
466847
475688
478331
479795
473390
477355
471967
477993
474349
480559
471956
474950
463032
474440
473592
474240
478882
474598
476339
484319
473345
472581
477091
478016
474976
471777
477357
480260
472089
475373
475923
478989
478661
473549
467843
474011
474979
476125
476977
475044
472080
466482
474689
473189
476324
475971
471267
480096
467095
472942
476178
466124
471570
473142
476696
468351
466541
473574
479721
474963
472348
478575
473962
480647
472872
476669
471838
473702
473903
475471
474156
475855
475996
468597
474103
471379
471915
480485
474864
474097
472560
471963
475557
479801
473665
476002
472196
479091
483048
478971
475267
470391
476972
478062
475944
476528
481805
471242
476880
478935
470774
473825
476447
476434
473461
477217
476258
471229
475504
469274
472269
473666
478686
470437
478540
473786
471621
470944
479278
473505
479148
471436
473449
474553
482309
473088
476008
472164
476440
474079
479600
477310
477863
473879
472778
473386
476553
475526
475808
478163
477136
475630
471815
477109
476113
474174
473615
470129
474967
471814
471698
469709
475254
477184
480178
472392
472989
479505
479592
477675
477672
477808
472977
477060
469700
478021
481663
477624
472874
474742
475248
480407
479589
473973
481124
481408
475961
474071
473406
480320
482726
476860
471264
476397
470168
477570
474867
471741
474867
474848
475710
475963
471972
474462
478627
476480
471818
476838
481657
479399
477316
478570
467324
473620
473349
474296
472460
471238
469730
469289
470348
469599
485538
474897
476047
475037
476787
467220
473638
476870
466187
476359
481298
478648
475978
479385
477651
475545
477152
471970
468037
468673
468853
469411
471548
481324
474503
479571
475492
477137
477668
470879
474608
475271
475497
473332
485992
483504
477464
472056
476316
475952
477802
463387
477923
480163
476663
471917
475146
470478
479882
475494
472846
481304
479914
476187
471921
472721
475352
477565
478564
481305
476936
475063
472374
475279
478729
479294
473773
475994
475704
472369
478654
472483
478217
469839
473512
480489
485115
474925
477560
475477
480726
478376
471473
472175
473643
478051
487483
474985
476623
465869
476909
476960
477033
476068
481676
478093
484073
468772
475519
470333
476172
476984
475925
477863
478270
478268
480261
473992
480531
471669
476924
474329
477581
478110
477516
473465
476464
479253
472019
476377
479621
479426
483453
477696
474894
478403
472114
473779
472938
463341
477151
476143
478157
472397
474263
476492
475339
482505
472562
476386
472539
475073
475838
478063
477713
477222
478192
474167
469726
472938
481997
474529
477388
475739
476570
477617
473081
473061
475506
470229
478015
469470
475524
480440
479263
473770
474813
481965
475674
481757
474004
478668
475682
