10421
10398
10332
11009
10996
10706
9962
10306
11055
12027
10482
10434
11353
11211
10748
11021
10086
10574
10021
10547
11150
10302
10312
11162
11907
11560
11800
10672
11753
10541
10779
13038
10632
10557
10873
10487
10854
10418
9907
10762
11145
11161
10348
10370
10796
10993
11976
12824
10490
11503
10458
10234
10752
10599
10187
11553
11340
10399
10937
11021
10683
11147
10219
10448
11378
10591
10565
11289
12232
10372
11462
11107
12405
10515
11143
10737
12544
11272
10633
10588
10726
10159
11578
11128
10461
10968
10388
10846
10540
11707
10911
11539
10665
10300
9972
11425
11299
10673
12541
11166
10627
11248
10345
11859
11644
11035
11563
10017
9951
11487
11412
11305
11229
10496
11219
11518
11452
10254
11740
11358
10322
10771
11285
10732
10544
11058
10849
11112
11278
10915
11134
11128
10895
10877
10668
11943
12845
10920
11320
11762
10975
11351
10570
11045
10908
11272
11277
10299
11935
11771
10821
10786
10595
11312
10362
11086
10242
10928
10662
11552
11065
10742
10897
10915
11999
11747
11152
11459
10264
10751
11527
10858
11871
11088
11440
11078
11337
11501
10304
10332
11910
11118
11134
10852
10538
10963
11634
10471
10666
11149
11413
10754
10883
11131
10664
12120
10517
11201
11184
11220
11491
10634
10986
10755
10672
10732
10850
11125
10721
10881
10883
10937
10602
10455
10278
10389
10114
13436
10211
11686
10913
11284
10801
10583
10570
10537
11045
10652
10607
10088
10536
11734
10409
10709
12211
10255
11015
11528
11760
10741
10420
13283
10448
11341
11870
11345
11243
10833
12009
10844
10208
10419
10760
11396
10407
11147
12438
9867
10688
10781
9873
11168
10337
10531
10137
11462
10840
10801
11059
10785
11498
11285
11226
10658
10557
9982
10589
11848
11262
9943
10366
11411
10167
11256
10316
12062
11828
11336
12667
11357
10941
11483
11314
9978
12268
11382
10681
11296
10726
10968
10933
10077
10925
11096
10005
10877
11315
10339
10525
10573
11355
10853
10930
11626
11541
11176
10572
10625
10567
10419
10780
10857
11111
11233
11940
11257
10491
10451
10417
10277
10610
10347
12161
10857
10683
11780
11745
10429
11568
11003
11187
11152
10532
11261
12516
10927
10283
12258
11246
10563
10593
10841
10712
10768
11475
10390
11037
12463
11863
11037
10974
12107
10760
10401
10643
11370
11066
10731
11814
11032
9940
10054
10899
10760
11193
10826
10538
10530
10926
10248
11509
10252
10961
12179
11075
10278
10734
10698
10448
11202
10959
10638
11655
11040
10474
11839
10691
11580
11221
11804
11060
10836
10131
11171
10541
11555
11315
10405
11727
11236
11467
10638
10474
11213
11261
10300
11739
10075
10235
10620
10434
10513
11005
10467
10782
11329
11325
10126
10173
10981
10531
10905
10397
10786
11113
10604
10997
11152
11478
11088
11153
12094
10969
10514
11218
11093
10849
10621
10531
11299
11022
10201
10741
10497
11013
11650
10651
10956
10712
12303
10481
10760
10522
10913
10560
10065
11419
10367
10180
10064
11038
10814
10857
10454
10617
10822
10868
11482
12672
11619
10860
11203
11831
10614
11095
10579
10595
11777
11118
11121
10755
10424
10981
11851
10471
12454
10773
11933
11159
10800
