11279
5671
25558
11938
11823
8318
38198
6101
8878
6490
9251
12650
5243
7714
17090
20621
8109
36004
19584
3118
10970
14844
21783
31927
7511
3238
29390
11116
25247
4919
53187
19878
10571
17730
8659
18036
18934
22221
12974
13439
14380
12535
16014
16362
5747
7485
7398
7367
6759
16363
32166
6852
12949
8193
16719
10618
24436
5702
8742
8564
20254
17479
14050
4018
5449
5953
6337
6961
16637
5940
5484
22419
20591
8097
6163
4932
9922
11838
10954
8301
6280
15548
8100
10593
6060
26237
8501
7533
6738
7216
6723
6633
17955
6397
5562
9552
6635
6464
7714
5551
11235
7467
7079
8254
28674
22424
26812
8253
6664
13033
6084
19945
18739
7335
8144
6193
9423
23558
8060
8369
5885
7765
18025
6440
3332
7273
10642
14077
19079
23883
9875
15219
5086
6275
12096
15091
10237
5074
7230
35065
6671
7562
4942
7571
11003
12931
32695
11941
7349
25461
5340
18999
7669
26781
10001
8475
10390
14440
10241
40168
6799
19532
3335
8880
16565
6232
6295
6858
17968
11484
8931
47036
7556
6568
5555
11676
8444
13496
10062
16851
12831
14629
53026
7405
6974
5766
9075
8327
9144
9480
4986
4605
10244
7541
36068
10387
25564
32503
5418
18341
17494
5503
10547
10687
11815
8789
9903
34180
11033
6509
9497
7649
14936
12584
14131
9519
42122
10732
9731
4963
6024
18474
19161
9005
13014
11126
5670
16097
30459
9460
13377
16508
10102
15186
19919
6382
10256
18217
17479
24762
12380
6430
11736
11537
14427
16245
6775
15884
7487
6292
6425
32313
12551
13746
6449
3213
15415
5664
8284
5163
6090
6520
13554
10946
8408
5906
9515
14157
6339
5806
20470
4510
6790
17251
3246
34383
6852
31826
19353
8763
12387
6758
23834
5396
8813
7749
7149
5945
5953
6072
11669
16031
5867
8087
32373
7795
9809
6900
17982
38698
15556
10594
6631
10661
17495
6604
6273
15312
16456
8764
24287
6355
15878
6443
5813
6194
8220
7143
6924
6217
6550
5390
19752
6435
5551
21757
14936
6733
6812
12700
5595
7743
25547
34001
22630
27018
15370
6866
3558
16052
7517
7560
8265
5502
28380
6196
7282
6532
5594
22057
19982
6114
27582
10769
6566
9687
11464
5900
8868
8210
39028
6093
18863
7758
6511
6257
6887
31321
6698
10889
18037
8175
7169
25221
4612
43425
5972
21412
7800
34893
31832
3394
6534
7050
24657
9142
6716
11882
6106
32395
5322
6325
6172
26059
6225
5829
9527
23705
18056
35453
6054
10564
6026
6563
13750
7725
17494
7454
43479
43306
17274
35954
11404
5812
10773
8872
22884
16901
17012
17827
20428
9670
4719
5807
22457
9396
20941
9416
4091
10001
6362
43239
5872
19917
9187
17299
12992
9349
8676
11985
12186
9657
14185
7390
11683
22996
6867
5802
6495
8475
9239
6154
24279
27067
13086
13713
11328
17641
5576
14684
7457
8668
5955
14132
9965
19058
3725
9701
8595
4876
9580
30025
21132
31486
42293
35745
5024
6331
29784
6046
11159
28738
17494
6392
11068
7416
7874
6092
7944
6665
20853
6647
13480
15081
7450
10993
6851
12224
11419
19349
