4683
6091
4597
6133
8009
4588
6121
4631
6108
4614
6103
5263
4613
7572
4773
7057
4653
6113
6131
6139
6434
6158
6115
4601
3020
3699
6962
7595
6153
6125
4624
6125
5360
4778
3004
4657
6868
6170
4676
4227
4729
8432
4634
4639
6139
4646
6124
4713
7889
6077
6218
6143
4593
6704
4586
4674
6875
6164
6356
4642
3023
4089
6247
6159
5359
4737
4686
4723
3217
4591
6134
4552
6183
4587
6137
4693
6127
6201
4667
6114
5104
4650
7378
6091
6301
4622
4615
6605
6986
6424
4640
4647
4679
4666
6087
4631
6116
4644
6086
6280
6376
4613
4606
4585
4599
6129
6142
5387
4651
6540
3936
9243
4627
4697
6171
4816
6064
4662
6155
4631
6085
6773
6148
6085
4745
4629
4638
6239
4631
4659
5933
6105
6166
4682
6621
4674
7047
4298
4639
6690
7258
4594
6115
6106
4732
4645
6196
4591
4610
6203
4681
4647
4694
6191
4624
4613
4582
4639
4630
6148
4628
4690
4689
6111
4633
6113
4677
6918
4672
6148
4652
4725
7728
5576
6240
6089
6507
4598
6143
6147
4653
6049
5323
7375
6527
7730
4628
6112
5577
4665
8132
6993
6176
6129
4661
4670
4715
6035
6195
6319
6087
6024
4670
6253
4607
6188
4670
6729
6237
7578
6131
4678
4625
3352
6105
4605
7667
6171
7763
6077
8064
4749
6152
6164
6133
6137
6161
6457
4586
4630
5699
4667
7868
4649
6172
7669
6126
6187
4616
6085
6189
4647
6335
6144
4610
6080
8019
6166
3669
6094
4369
6117
4622
6740
4649
6103
6013
4595
4694
6280
6786
6118
3121
6087
4606
6090
6170
4624
4636
6090
6121
6323
4620
6694
4606
6107
6026
7626
4638
4588
6143
5014
6175
6233
6238
4627
6086
4644
5102
6129
5825
4748
6123
4624
6167
6146
6045
4629
4643
6118
4594
4612
4296
4632
3915
4615
8042
4628
6154
4601
6910
6112
4672
4737
6194
4687
4617
6029
6304
4730
4591
4643
6510
6105
6123
6115
6203
6047
7238
6112
4664
4243
6168
5488
4672
4572
4687
6163
5778
4583
4608
7695
4649
6238
6154
6349
7024
6091
6135
6122
4607
3073
6099
6137
7989
4585
4645
4208
4933
6154
4695
4849
6091
4696
3490
6271
4661
6142
4635
6862
6247
5348
4648
4593
6082
4655
7576
6194
6131
4656
6148
6192
4666
6201
6076
8012
8315
7799
4775
4720
4586
8436
7144
6038
4674
4695
6248
3574
4587
6139
6649
4649
3480
4642
6796
6740
3963
6102
3668
6154
6152
4627
3736
6215
6199
6089
6080
4689
4993
4657
6096
7054
6107
4677
7072
4676
5940
4611
6088
6534
6271
6006
5667
6015
4598
6096
4631
4638
4978
6129
4590
4657
6064
3578
4679
6373
7408
6256
4698
6157
4626
6093
7087
4702
6116
6094
4638
6143
3882
6104
4601
6009
6106
5612
6074
6091
7911
4277
4691
6086
4690
4681
4544
6145
6141
6200
6091
6177
6127
6126
7725
4643
4994
4607
6083
6067
4591
5376
4668
5056
4682
4764
4593
6086
4607
4613
4631
6125
6134
7003
