3903
2022
1971
9799
12699
1970
7245
1783
5027
2126
7788
3370
3580
3266
1572
2712
6489
3499
3065
4865
2870
1690
4286
3354
2643
2113
2638
2996
4495
5980
5214
5621
2276
3677
1927
7523
7870
4589
2042
2937
4873
8048
2048
2008
10093
2074
3647
8852
1558
3960
3758
2170
6621
2438
3565
2070
1889
2300
3651
8951
2487
1964
5310
7115
8245
2111
4396
2080
8473
5791
2254
4287
3689
1925
1241
5258
5002
4782
3284
5104
5243
2464
4066
2847
3850
12154
2220
1632
8483
3519
2176
2419
3929
3650
11067
2005
2702
15260
10530
2246
2640
4857
2278
5922
4020
2553
6953
1970
1950
2061
2446
9603
3923
6734
1662
1962
3791
3583
2561
3508
5035
7531
1698
1517
3453
2565
1979
3654
4477
8933
4450
8347
10436
2141
11856
10033
5647
2034
1730
2899
2647
4545
1997
4031
2194
2027
11309
3866
2298
11422
4240
1911
6213
4425
4716
1040
2340
4217
7649
4843
1993
4922
3545
3177
1209
4606
3223
7039
2954
7707
5692
9449
2056
4650
1229
3824
3099
4161
3990
2555
2093
2902
4688
3194
5188
10947
2609
4311
9471
3862
2809
2648
8586
5853
2368
1699
8880
1504
1858
2196
1697
7147
5725
1259
3997
7793
1683
9005
5042
4636
4080
3198
1918
1933
2943
1776
5247
6584
1067
8908
2407
2284
2276
2006
1862
6335
4918
3216
1994
1165
2772
2041
2509
14054
1716
3697
2643
2593
3665
10939
2064
5603
3104
1960
2434
1144
3955
2658
2035
1987
1963
1799
3076
8622
1899
1820
1808
3946
3387
2181
10918
3694
4569
1990
4369
2576
1834
7247
4515
9109
4170
4474
6805
6154
7982
1533
1006
1837
1776
2264
2450
1914
3010
2063
5471
1914
2116
3591
9038
5271
5602
2502
8470
2301
6046
6296
2453
5998
1831
2958
10400
5905
5599
4429
2192
1976
10496
4125
2368
6211
2570
1801
1832
1790
2183
3923
2815
2215
4193
1275
8346
2320
1999
4881
7267
2501
2614
1873
1772
2181
2328
5282
4074
4389
2085
11011
2636
2420
2440
1022
5035
8214
1896
3834
1888
4473
5643
4914
1037
1853
2299
9989
6442
2041
5957
10924
1514
1817
6731
2479
1987
3365
2275
1898
4158
5297
2992
1663
10934
6666
6397
2659
1341
2924
5278
2496
2513
2186
3774
4014
4312
3521
3384
5111
3360
4972
4406
8818
11573
2057
2768
3490
2744
9980
9423
1813
5401
2612
6638
1616
2905
1650
2886
1987
2224
6155
10435
2567
3898
1977
3897
10738
3458
2225
8206
2958
6017
2249
1709
2359
2229
9616
2152
2077
2182
1625
6512
1905
3537
3009
5278
5283
1880
2037
3611
3653
2661
6268
1764
3547
3802
1901
7921
2057
2447
2005
4140
7518
1101
3025
7913
5078
3763
2158
2036
2301
4880
2677
2875
3610
2784
8589
6359
3507
2952
3736
8568
6290
2040
2597
2298
4971
7764
5321
1862
4430
2009
6336
2672
2300
15186
8924
2942
5139
2126
3946
7911
2457
2911
7039
3530
3238
2166
7041
2875
9278
4914
2403
3218
3496
