3064
2811
4101
4568
4032
3170
4328
3872
4105
3149
4160
2018
4662
3058
3089
4082
4005
2034
4058
3131
3092
2944
4593
3072
3391
3056
3100
3066
4071
4629
4095
3105
3092
4095
4076
3100
3009
3139
3769
4079
4054
5099
3066
3088
4101
4645
4079
3103
4187
4110
3054
4110
3102
4121
3390
3142
3109
3059
3223
4082
4142
3072
3186
3072
3078
2955
3096
4056
4798
3788
2738
4513
4096
3069
4058
4067
3096
4085
4630
5108
5723
4076
4091
5091
4069
4071
3081
3046
4055
3149
4483
3532
3099
3051
3345
4081
3234
3113
4091
3195
4070
3064
4141
5518
4049
4079
3111
3103
2610
4244
3065
4065
4061
4102
3075
4082
2410
3110
5159
3106
3068
3331
2590
3096
3051
4064
2306
3187
3100
3121
2949
4380
4740
3631
4199
3129
4100
4084
4607
3125
3064
2599
5205
4743
4066
4761
3075
3105
7256
3546
3083
4443
4098
3068
3675
4116
5142
3102
3072
4218
4218
3115
4097
3083
3053
3767
4080
3072
5149
3726
4074
4063
4047
5114
3100
2525
3269
5136
2317
3067
3046
4248
3084
5092
4101
3286
3079
4610
4089
3075
3163
4451
3059
4082
4756
4001
4094
4102
4408
4251
3090
5130
2825
3100
3076
3311
5156
3070
4120
3047
4034
3100
4280
4149
4109
4106
4122
3086
3114
4053
3900
5036
3270
2603
3103
4106
3120
4137
4201
4058
3073
4060
3065
4436
3094
3079
5438
4191
4888
4077
4071
4222
4064
4028
3103
3076
4247
3175
4724
4067
4060
4045
3076
4301
3064
3058
3070
4113
3120
4236
3113
3083
3067
3083
4055
4122
4848
3078
4098
4285
3095
3119
2422
3077
4700
3667
3066
4087
4174
4022
4122
3107
4070
4066
3080
3070
3099
4184
3085
2084
3671
4112
4010
3124
4064
4058
4077
4062
3094
3121
3109
4191
3095
4003
5108
3127
3076
4170
4627
3572
5663
3107
4613
4072
3071
4053
4081
3439
3119
3071
4080
4094
3049
4084
4101
4057
4070
3087
3059
4137
4075
3149
4355
3064
4118
4235
3037
3779
4079
4074
3063
3098
4341
4061
4387
6531
4080
4660
4045
4130
3093
4191
4307
3162
4079
4067
3119
3079
4068
3197
3123
3416
4070
3098
4086
4103
4089
5130
4059
3120
4122
3951
4198
3111
4109
3101
3132
4142
4196
4144
4060
3094
4074
5205
4064
4149
3795
3094
4122
2966
4045
3080
4101
4084
4100
4279
3079
3311
4119
3115
4153
3089
4985
4173
3096
4302
3051
2701
6330
3100
3118
3050
4124
3121
5075
3063
4291
3088
4065
4554
3071
4172
3109
4080
4157
4076
3103
4097
4412
4069
4202
4129
3796
2919
5680
4090
3101
3087
5129
3137
4392
4022
4046
3108
4066
3130
4091
3103
3072
4027
3115
4909
4056
3082
4064
4069
3062
3088
4030
3737
3092
3092
4062
4124
3111
4119
5264
3742
3178
4063
3088
4103
3333
4081
4064
5621
3116
4092
3056
4358
3609
4158
4522
4634
2722
3104
4410
2999
5175
3102
3111
3675
4074
3081
4097
4180
4056
4123
3089
5195
