8511
11687
45447
8837
21011
11976
29668
7772
16505
10232
18348
8193
92902
6538
21479
14034
12991
50953
29283
7833
7449
24062
8335
7912
9514
9999
22087
8195
7589
7870
39321
19278
6765
11115
20487
14249
16071
23984
33837
9550
10490
8054
9844
12421
28307
15663
5839
10403
9576
7907
9448
8398
13524
16279
16294
22136
25823
15607
7809
7366
13016
28197
10996
22946
6097
12690
39621
26290
6516
8263
9834
27135
8091
9943
15969
19085
8404
58143
10135
29210
7271
15648
28281
9093
49240
17375
9374
10547
4246
11554
8942
14461
21500
11267
31010
8417
8047
12961
7219
10235
30924
11662
15556
14364
9887
27032
34770
8787
24606
37492
8181
6390
22122
8592
11345
13361
8194
39314
33695
9169
13732
8137
33502
16873
9209
27025
29843
15554
11730
8497
14732
18853
19965
13126
31893
7919
11435
36024
11164
17791
8356
4373
33084
10732
7658
8391
7525
6832
8710
9000
17591
9957
6527
17386
7664
11721
7263
8324
12624
9215
29750
17263
30533
27166
22848
8056
25003
21116
27285
45400
8620
6339
21429
10384
6409
20508
28770
8353
7957
39590
9034
32507
10183
10041
32027
7656
28355
6495
8607
41599
41433
19309
9335
18722
22938
19941
10784
11023
13601
6597
58784
22897
15448
8388
20691
9521
8196
19707
7964
21348
8190
13035
64699
13825
86981
57721
21982
6991
7970
52394
20550
7139
19883
13197
8121
11143
8396
23834
4007
15908
28939
20056
38631
46612
34243
15970
9461
24683
17699
7721
11270
8295
10349
10331
7930
8171
28237
15929
8230
67219
31012
7968
4858
20321
22544
34603
10811
23467
15813
16275
10508
25787
10773
30274
11439
4682
6849
7212
23177
7648
41050
8400
11169
11732
5360
6723
13096
8652
10665
25897
10390
8134
8628
32041
20723
78773
7597
26153
7424
26178
13919
13220
7827
9024
25642
18582
7855
18107
7879
31217
21081
8116
9650
9746
23252
33196
7146
24379
8915
16863
15509
8249
6588
9321
10633
28539
29040
27349
12565
8584
10345
19842
10243
25050
9703
9870
17936
8093
4407
9794
7633
9817
31202
17553
7605
9755
15851
11610
37423
21301
10475
12445
43718
7242
20369
23953
23711
7317
12414
9862
8289
7836
40609
14356
15865
12474
20992
23973
15168
9703
9812
17714
6939
8633
22312
45889
7341
29754
10428
8449
18334
6902
22125
25062
10983
17531
9622
10493
8768
8656
29534
28610
11280
19325
35860
51676
7678
11882
8058
8310
8942
13194
17439
10660
23105
4253
8944
18853
11744
12892
8061
32197
5037
30067
6596
7913
7018
19605
33346
13764
12139
8234
31513
21441
8952
39620
14434
7794
13501
21234
7800
19499
6799
30420
8469
13466
45243
6947
27211
48234
20280
18004
24593
27482
8085
6817
9555
52570
19479
6456
13001
37927
4328
8061
10123
32938
8303
26523
35386
24836
4933
6953
22470
21393
14840
32336
20226
29587
10047
4289
8403
44679
8572
28725
11750
15453
18824
25227
13231
13217
25179
25365
38100
24400
48726
9952
13826
31910
39205
13952
26152
15393
11239
10358
8209
15404
20603
11777
13165
7811
7084
10373
30115
9901
17261
7664
24395
4120
49029
43347
