8133
6951
3590
12554
5018
32037
5170
6959
3769
13973
7581
5778
8745
4846
4724
5932
12111
8908
4277
3662
3411
5910
7483
12735
11087
3929
25835
4365
4699
3773
7820
4068
3642
4421
5601
4624
25817
3993
9831
4788
6931
10112
5273
7495
7031
8968
4078
11264
16359
3900
4762
20828
7276
3942
6189
11286
15117
4694
7887
3476
17629
4505
6448
2364
4217
2048
4213
8634
6199
9759
6865
9160
5032
3572
22312
3299
7208
8353
17308
8889
5018
18499
9918
2826
3587
7956
3910
16176
14917
24642
15214
14872
2205
9685
3916
4469
21276
4584
12948
11413
8208
6924
4186
5776
6179
7526
25412
4267
4936
9140
3545
12546
6729
7113
9368
22360
3395
4242
13054
16238
3240
18337
3613
12904
2987
12790
7788
4172
2552
4787
16482
17781
3627
11674
12560
5533
7724
8996
15400
20031
3797
4163
10255
4478
3741
22038
14968
3862
5417
14934
2875
12212
17077
9262
3995
6705
12922
16677
26115
4706
12174
3809
4996
4964
6454
16047
6472
2001
4299
16337
3796
4183
3044
4039
16192
7443
4065
3972
7356
8466
15908
4074
4356
4356
47709
13447
5736
19730
11588
3859
6364
4978
5260
8774
5337
21009
8351
3767
3975
4991
4099
13271
3853
6879
6424
3799
4332
5992
4507
20846
4323
4241
17014
3353
4378
3791
20204
9718
3659
6935
4038
14221
6987
4083
5984
2407
3444
3621
3833
16875
22848
4797
10011
3975
4415
12295
7241
13973
8280
8584
12533
6265
8032
4231
3293
4034
19056
11850
4394
3198
4148
15011
11547
4935
2060
4301
8497
3919
7222
5079
5849
4057
6863
7339
4232
5152
11095
5617
8852
21798
4308
4651
5341
14044
12910
3982
5444
6499
15892
4825
17640
3667
14961
9862
18073
22230
4410
3330
2492
8515
4869
4239
5256
4371
5717
21796
3618
7283
12762
4760
4955
4020
7196
3656
23754
12698
4505
3235
2033
4232
6201
6380
4260
7838
3619
15303
13960
6971
4062
12238
7805
3759
4095
24144
12576
8348
3428
13361
10765
4460
2863
4141
11172
5275
13957
7519
8679
15208
13805
7224
4908
12431
5485
3295
7170
3802
4884
5217
17180
6304
4305
11740
8616
3852
6533
3205
7991
3482
4777
25103
6639
12784
4389
7089
4597
37624
6546
3055
4476
3278
4176
4018
8484
8584
7438
8034
5834
7251
12596
13592
4046
7516
5524
17607
7290
3106
5561
3583
3931
6358
3982
9235
6842
3781
11382
4027
6131
5293
9611
15287
4097
17100
5164
7374
6090
8719
4055
14737
4058
4685
3196
20453
12472
3917
8643
9209
3527
19456
24150
19961
5043
13394
8400
8903
11462
6100
3743
6482
4127
3794
7941
6368
4984
27760
6292
5742
9455
7355
8571
3535
20284
12434
4341
11510
3032
4068
5944
11000
14265
4973
13100
10815
6970
2597
4984
3928
4297
8785
6101
4204
8330
3822
11123
8572
8527
6217
3145
20868
3418
4089
5057
3945
15755
14582
3130
6840
22977
3136
7687
5620
3992
9571
8162
7365
9239
6664
4737
16535
3817
3538
3617
3974
4138
6056
4499
6805
18289
5626
4733
14002
