6152
9300
6209
8235
6386
6141
9153
6174
6204
10350
6116
8660
6192
6157
8293
6270
6177
8126
6782
6134
8154
8296
10256
9398
9342
8556
6237
6227
9957
10316
8162
6156
8152
8148
11274
8144
5291
8157
6241
5516
8148
8206
5111
6148
8188
10262
8354
6203
8264
6224
8186
4717
6628
9396
6168
8139
10281
8112
8162
6177
14126
5978
6136
6124
8174
8105
6192
6116
6210
8214
4486
8232
6119
6134
7588
9330
6173
8187
6246
6118
6184
6138
6868
8187
10359
8231
8385
10408
6183
6139
8160
10943
8184
8094
8168
6191
8158
6159
9192
6220
6146
6124
8157
8150
6171
6269
8078
6126
6163
6211
9436
8194
6217
9124
8209
4970
3999
6268
6234
8140
8423
8191
8521
6246
6167
8115
8166
6200
4369
8457
10707
8267
6185
8188
8169
6135
8161
6170
11263
8197
8056
9634
7424
8350
6137
7044
6309
8183
8169
6251
8012
6172
6184
8364
6052
9136
6160
8151
8713
9300
8100
6244
6194
8150
6140
6109
8118
8238
6127
6194
6323
7811
8247
6226
6302
8147
7407
6175
10243
8798
6115
6117
6191
8175
6139
6167
6274
6212
8266
8191
8170
9456
4625
8557
10456
8211
8200
9676
6255
8136
8135
8179
8286
9635
6468
8396
9015
6200
6938
8333
8199
8139
6160
6177
6129
8189
8161
8268
8247
8198
6217
6248
6099
6304
7614
8175
8713
8979
7034
8571
6178
9161
6252
8361
6317
6151
6189
9278
6198
6201
5465
6435
6900
8240
8402
8011
10820
6193
10375
6165
8159
8107
9267
8209
4525
6242
6653
6216
8167
6000
6189
8132
8302
8175
8133
9695
8136
8125
6147
6180
8541
9758
6195
6355
9112
8231
10618
6408
6152
6134
6142
8142
8124
8885
10244
4267
6175
6176
6170
6232
8405
6165
6122
6868
8960
6215
4928
8122
6116
6154
6203
6136
8267
9956
5586
7764
9082
6179
8916
10350
6164
8403
4782
6120
6267
9266
6226
6194
7531
7278
5629
10330
6266
5398
8202
11328
8233
6142
8139
6209
8195
8181
8210
6219
6174
8093
8377
6249
8245
8365
6162
5205
6294
6232
6118
8147
8135
6188
6040
6156
9412
7118
4173
8157
8184
6126
10286
6143
8182
6166
8386
9299
6141
6230
5621
10138
8136
10265
6126
8170
8112
8115
8212
6206
9126
7034
4214
8134
8230
5585
8355
8491
6140
8152
8275
8781
6133
6239
6228
8184
7491
6464
8288
6205
8178
9226
7660
6113
8107
8174
9728
8020
8396
8252
6116
8183
6118
6138
8148
8206
8227
8102
8133
6125
8341
6201
6245
10300
8120
6150
8230
8250
6161
8164
8563
8015
9261
6164
8432
8552
8102
10246
6160
8350
9298
6190
6154
6145
6055
9379
6152
9967
8237
8103
8314
8370
8151
6266
6261
6133
8125
6240
8220
8160
8190
8804
6242
6146
8371
8124
6614
8125
8184
6157
6172
8190
4330
6985
6140
6275
6236
8219
6203
5130
8208
10269
6155
6139
7743
8375
9590
8028
8171
6102
6141
7895
6136
6299
8110
6151
8145
6205
8168
8181
6111
8241
8208
6249
8243
6212
