1542
1537
2081
2076
1548
2045
2250
2030
2244
2084
2310
2075
1546
2052
1565
1333
2053
2039
1548
2036
1532
1531
2042
2051
1545
2069
2232
1997
1535
2742
1546
2043
2031
1458
1553
1549
2000
2006
2023
1134
2018
2033
1796
2000
2262
1998
2036
2034
2028
1558
1542
2030
1275
2716
2062
2051
2044
1538
2605
2020
2022
2041
2111
2089
2560
2079
2023
1563
1542
2122
2039
1548
1897
1552
2027
2022
2036
2564
1024
2030
1536
1560
2029
2058
2019
1525
2004
1446
2025
2046
1266
2043
2064
2616
1527
2075
2066
1635
1802
1548
2041
2038
1677
2036
1558
1538
2028
2028
2701
2040
2239
1869
2220
1740
1529
2539
2022
2035
1550
2191
2025
1533
2035
2035
2038
1061
1780
2044
2431
2035
1546
1685
1821
1531
1778
2569
2050
2016
2052
2030
2849
2038
1542
2116
2242
1524
2054
1969
1527
2166
2041
1553
1535
2045
1562
1163
1555
2018
1876
1539
2627
1358
1524
2030
2065
2092
1529
2069
1543
2027
2324
1921
2562
2048
2024
1570
1533
2099
2032
2055
2025
1537
2038
1766
1570
1528
1533
2044
2042
1036
2028
1532
2032
2036
1529
2071
2029
1555
2037
2327
2608
1596
1561
1553
1676
2059
1523
1524
2085
1521
2078
1213
1551
1550
1543
2098
1051
2532
2074
1551
1519
1585
2035
1586
2024
2034
2028
2056
1554
2034
1009
2082
2514
1563
2032
2256
2584
1533
2331
1536
3147
1851
1718
2041
1541
1539
999
2020
1537
1557
2033
1543
2010
2310
1539
2041
1530
2039
1649
1538
2039
2000
1998
2862
2037
1550
2046
1281
1547
1555
2438
2040
1534
2608
1535
1160
1540
1532
1553
1580
1557
1566
1534
1971
1843
2048
2037
1533
1547
1543
2056
2031
2046
2036
1555
1631
2539
2035
2056
1750
2020
1542
2004
1636
1527
1543
1203
2006
2559
1058
1523
2038
1549
1092
2048
1554
2013
1602
1528
2043
2029
2021
2074
2035
2603
1531
2107
2110
1547
1527
2035
1535
1551
2071
2162
2062
2018
2052
2029
1536
2018
2042
2083
2122
2019
1823
1536
1561
1536
1545
2380
1546
1562
2205
1666
1251
1526
2072
2042
2058
2116
2273
1535
2024
2391
1631
1061
2149
1554
2045
1553
1532
1390
1471
1555
1168
2075
2178
2042
1540
2054
1311
2200
1543
1533
2048
2022
2023
2052
2032
2158
2030
1537
2242
2168
1535
1548
2051
1539
1105
2236
1864
1738
1549
1534
1556
2041
1538
1548
1534
1568
1387
1958
2125
2161
1539
2031
1544
1526
2189
1915
1567
2036
1541
1542
1435
1521
1544
2040
2100
2031
1558
2024
2408
1650
2064
2122
1845
2244
1574
2045
2059
1550
2044
2043
2055
2030
2060
1534
2093
2086
2053
2008
2036
2031
1536
1483
1164
1534
1543
2367
2323
2040
2031
1358
2620
2051
1957
2305
2049
1541
1553
2134
2327
1414
2102
2667
1542
1853
2046
2054
2083
1524
2044
1536
2034
1542
1537
2050
2041
2038
1521
2039
1585
1552
2061
1774
1549
1540
2004
