3931
3931
3996
3931
3931
3996
3931
3962
3931
3931
3993
3962
3931
3931
3993
3932
3931
3931
3932
3931
3931
3931
3931
3931
3931
3931
3932
3931
3931
3931
3931
3931
3931
3932
3931
3931
3931
3994
3995
3931
3931
3931
3931
3931
3931
3931
3931
3994
3931
3995
3931
3931
3996
3931
3931
3931
3931
3931
3993
3931
3931
3994
3931
3931
3993
3995
3996
3931
3931
3931
3931
3931
3931
3931
3931
3931
3931
3931
3931
3931
4118
3931
3931
3931
3962
3931
3995
3932
3931
3993
3931
3931
3931
3931
3996
3931
3931
3995
3994
4118
3994
3931
3931
3994
3931
3931
3931
3931
3931
3931
3931
3996
3931
3931
3931
3932
3931
3931
3931
3931
3931
3931
3996
3931
3931
3931
3931
3931
3931
3931
3931
3931
3931
3931
3995
3931
3994
3931
3931
3931
3931
3931
3931
3962
3931
3931
3931
3931
3931
3993
3962
3931
3931
3995
3931
3931
3931
3931
4244
3931
3931
3931
3931
3995
3931
3931
3996
3931
3931
3996
3931
3962
3931
3931
3931
3931
3931
3931
3931
3931
3931
3931
3993
3931
3931
3994
3931
3931
3931
3998
3994
3931
3931
3994
3931
3994
3931
3996
3931
3995
3931
3931
3931
3931
3931
3962
3931
3994
3931
3931
3964
3931
3931
3995
3995
3996
3931
3931
3931
3931
3931
4495
3931
3931
3931
3931
3931
3931
3931
3931
3993
3931
3931
3931
3931
3932
3931
3996
3931
3931
3931
3931
3996
3931
3931
3931
3995
3996
3931
3993
3931
3931
3995
3931
3931
3962
3931
4180
3994
3962
3931
3931
3931
3931
3994
3931
3931
3931
3931
3931
3932
3931
3931
3931
3931
3931
3931
3931
3993
3993
3931
3931
3931
3931
3931
3995
3993
3931
3931
3994
3931
3931
3995
3931
3931
3931
3931
3931
3931
4244
3931
3931
3931
3931
3931
3931
3962
3931
3962
3931
3995
3931
3931
3931
3931
3932
3994
3931
3994
3931
3931
3962
3931
3931
3931
3993
3931
3994
3996
3931
3931
3931
3931
3931
3931
3931
3931
3931
3931
3931
3931
3931
3931
3931
3931
3931
3962
3931
3931
3931
3931
3931
3931
3931
3995
3931
3931
3994
3931
3931
3931
3931
3931
3931
3931
3962
3932
3931
3931
3931
3994
3931
3931
3931
3931
3931
3962
3931
3931
3931
4099
3993
3931
3931
3995
3931
3931
3931
3931
3931
3931
3995
3931
3931
3995
3931
3931
3931
3931
3931
3931
3993
3931
3931
3931
3931
3931
3994
3931
3931
3931
3931
3931
3931
3931
3931
3931
3993
3931
3931
3932
3931
3995
3931
3994
3931
3931
3931
3931
3931
3962
3994
3931
3931
3931
3932
3931
3931
3931
3962
3994
3931
3931
3931
3931
3932
3996
3931
3931
3931
3931
3962
3931
3931
3931
3931
3931
4099
3995
3931
3931
3931
3932
3931
3931
3995
3931
3932
3931
3932
3996
3931
3993
3931
3931
3995
3962
3931
3931
3931
3931
3931
4099
3931
3931
3931
3931
3931
3931
3931
3931
3931
3931
3993
3932
3931
3931
3931
3931
3931
