1878
2358
2028
2742
2355
2240
1713
2566
1468
1364
2160
2396
1185
1363
2552
2158
2024
2086
1687
2466
1913
2082
1342
2497
2017
1813
2838
3204
2633
1747
1876
3156
2525
1425
2132
1515
1686
1436
1719
1487
2736
1843
1810
1708
1604
1633
2284
1544
1795
1812
1392
1919
1721
1779
2071
2644
1433
2333
1778
1358
2375
2179
2973
1666
2466
1796
2574
2575
1169
1206
2260
1369
1113
2255
1836
2503
2027
2434
1504
2204
2457
1649
2243
1852
2135
2607
1669
1272
1398
2011
1520
1878
1903
1500
1821
1084
2201
3185
1413
1232
1716
1812
1474
2141
1275
2115
2307
1497
1646
1405
2306
1451
2537
2379
2066
1970
1100
1375
2215
2704
2197
1274
2009
1545
1612
1656
1967
2246
2103
1508
2012
1811
1669
1258
1604
1170
2401
1086
2436
1227
2229
2334
2099
1842
1989
1532
2539
1596
2396
1223
2315
2690
1656
1257
1893
2699
2165
2450
2029
2392
2661
2637
1957
2116
1743
1868
2184
1994
1849
2026
1214
1728
2555
1638
2473
1801
2255
1818
3308
1649
1467
1324
1686
2673
1493
2134
2002
1826
2120
2918
2279
1920
1824
2861
1675
2074
1242
2440
2596
1966
1114
1670
3886
2721
1339
1199
1837
1607
1985
2289
2081
2048
1498
3103
1523
1468
1767
1436
1462
2566
1767
1847
2696
1673
2384
1272
1082
2455
2279
1855
1251
1928
1402
2024
2406
2162
1534
2369
1921
2898
1885
1875
1928
2429
2265
1403
1866
2773
2243
2518
1848
1727
2147
1362
1867
2952
1926
1589
1987
1751
2593
1310
2019
1282
1288
2151
3340
1996
1650
1208
1783
1838
1513
1881
1499
1516
2110
2053
1588
2187
2591
2438
1728
2031
1675
2747
1392
2523
2694
1418
1468
3025
1473
1430
2544
2346
1180
1913
2111
1414
1698
2466
1194
3728
2533
1422
2609
1800
2073
2492
3648
1565
2593
2940
1369
1940
1897
1948
2405
1825
1400
2215
2043
1433
1767
1192
2275
1598
2123
1824
2260
1676
1783
2162
2114
1917
1304
2577
2358
2235
2802
1481
1244
2210
1608
2164
2223
2608
2711
1670
1729
2566
2185
1968
2181
1656
1332
2665
1224
1611
1647
1147
1422
1837
1345
1474
1513
2331
1292
2166
1762
1636
1214
1177
2395
1943
2111
2045
2994
1775
3314
1625
1536
1309
3520
1615
2438
1424
1864
2184
2823
2212
1176
1276
1595
2104
3226
2012
1540
1540
1814
2248
1611
2191
2000
3424
1684
2505
3357
1509
2787
2236
2357
2149
2648
2449
2354
2033
1812
1988
1761
1646
1549
1777
2303
2112
2103
1975
2635
2791
2188
2107
1460
1964
1973
1852
1605
1881
1295
1610
1182
2215
3189
1718
1025
1726
2104
1407
1730
1983
1408
4290
1454
2849
1624
1424
2263
1584
1367
3161
1938
1296
1740
3183
2163
1815
1580
1774
1557
1539
1490
1835
2188
1182
2132
2261
2136
2101
2015
2276
1497
1677
1539
2897
1815
1676
1767
2669
2043
3081
2162
1493
1495
1781
1464
1076
2302
1754
2267
2352
