10964
8795
7536
8484
5925
5848
8219
8661
5254
10554
10108
7631
5305
5031
7701
4994
8586
10478
5602
7746
10555
7064
8978
9742
6886
4220
7347
6846
7097
4643
8992
8603
9384
10158
8560
7268
6652
5839
7277
6133
8506
8866
7247
5362
7857
9839
9328
6304
8568
9080
9551
7470
7972
7786
8202
6083
5169
7347
4395
6486
5504
6248
7764
5831
8205
8962
7130
8147
7569
7537
7337
10703
7198
6636
9520
9691
5272
10318
5951
5556
5267
7182
9887
10662
4395
9969
7468
7429
6884
8896
6577
8542
8461
6867
6673
9544
4654
8719
12649
6219
10554
7387
4124
10991
7368
12620
9529
5815
5190
5804
8143
9552
5465
9638
7538
8555
9503
8176
6258
7439
10847
4563
5579
5305
7093
7032
10710
6933
7217
6257
7660
8732
6350
8130
11345
7113
8506
5199
6325
13284
9635
5639
6475
10883
8504
4337
10248
5591
6997
9589
4759
9234
12204
7860
8720
5893
5826
4684
4473
9919
6363
7734
6504
8589
4151
8327
10919
4159
6129
9438
9195
7595
4819
4630
8456
5142
8389
7501
6344
4420
6162
8392
5716
7976
7812
8640
8881
8555
8577
10408
6490
7203
5458
9703
8171
8168
4973
7913
7891
7018
5372
6696
8457
9364
7414
12448
5607
8096
5427
4626
12990
7435
9021
7324
5707
7326
7731
8418
8822
6981
4018
11414
5961
7552
9788
5826
10022
7556
6408
6490
5368
11120
7003
5015
6093
6771
13450
6925
6387
11269
4877
7140
11161
9838
7434
7535
5388
5403
13314
8538
11013
4461
5110
6919
7672
8257
6121
4606
8398
8939
5147
14853
10100
6164
6743
7199
4485
7255
11447
9466
5194
9029
12346
5704
6224
5681
8238
9199
8516
12659
5223
7424
9084
6068
7260
9731
8529
7339
8029
8465
9243
10391
14153
6104
4787
10118
4776
9070
12099
10733
5354
7934
6195
10349
8895
7239
12743
9178
9701
7044
8385
11988
9572
6785
10362
8718
5138
7782
8296
10655
6026
7273
8372
8216
7427
8616
8741
9389
9786
6209
7470
10221
4592
7172
8090
9159
4748
7098
9517
7789
7241
7146
6987
6348
8403
6606
10747
7680
10284
7054
5879
7941
7867
6481
6805
6564
9067
8462
5961
7795
6651
7761
9923
6374
9358
8634
6876
7988
6128
4579
4865
9206
12536
7889
10836
5509
10930
9814
10639
6257
7767
7757
6785
8823
8484
5455
5593
6544
5558
8274
11583
6008
6317
9847
7457
8616
11613
16998
8172
5229
9311
5966
9350
8033
5643
6784
9666
4799
7515
7288
6912
8463
12904
9204
10661
8882
11116
4409
6797
6367
8483
9362
6677
6328
10423
9033
7045
7127
8622
8574
7721
10475
9654
5343
8174
8503
5285
12122
6068
8890
9098
9708
7465
8529
6980
8436
9882
10463
7503
10273
8537
4687
6046
8524
8332
7690
6584
9351
6569
6446
6382
9141
5111
8621
10521
9194
9437
10067
10349
7033
11642
4893
9618
5975
9440
7087
7382
9849
7556
9280
6434
7245
5426
6070
5173
10177
6423
6307
5799
6752
4926
8168
11696
8717
7848
10829
8733
6035
9702
6541
