3490
5063
3682
4808
7021
4322
3635
2853
4537
4883
3225
3401
6379
3846
2405
6129
2718
4175
3386
2558
2508
4272
5476
2253
2767
5671
5954
4010
2986
2257
4722
3200
3724
3229
2935
2604
3007
5048
2713
2785
4701
2551
3292
3623
2348
3429
4606
4650
3625
5166
5119
2826
4307
3750
3103
2952
2566
4581
3744
6427
5925
5711
3213
4136
3009
3903
5466
5545
3852
5161
4286
3574
2902
3014
3966
2687
5691
3804
3066
2848
5419
3788
4276
3429
4549
6525
4367
3209
2856
3149
5463
2519
4262
4537
2747
3527
5958
4400
3278
3839
2958
3271
3217
4986
3072
3125
4570
3446
2828
2525
4933
5047
3930
4060
6652
5481
5179
3857
2987
5289
4584
3711
4211
2990
3742
4657
5043
4077
3863
3864
3980
3702
4936
4346
3777
3351
3868
4899
2913
4054
4787
4538
3358
4230
3826
4479
3497
3229
5126
3686
2615
4909
3030
6188
2699
4476
4811
5111
5677
2808
2303
3956
6845
5383
5139
5386
2424
5897
5938
2438
3621
3626
4385
3525
4389
5042
4453
5385
3642
3728
3690
4173
2645
3308
5594
2498
5658
3454
4834
3862
3838
3416
3039
6509
3470
5337
4347
2306
4582
5301
5038
3590
4535
4291
2652
3419
4768
2495
4797
5115
5970
4892
3971
5969
4075
4145
4493
4801
4219
3860
2800
4983
2675
3703
3663
4116
4371
3402
5522
5563
3238
4311
5811
4707
4292
4747
3538
6495
2854
3703
4526
4299
3597
3684
3798
3464
2702
3074
2997
4059
2738
2271
4024
3129
3282
3813
2178
4549
5029
5140
5196
3796
5691
3122
3135
3599
6458
3967
3129
4919
3001
4350
3616
3701
3075
4300
4161
4399
3778
4832
6015
5938
2183
3120
4271
3441
4005
4800
2404
2866
2780
3853
2691
4967
5552
3541
5948
3637
2489
8027
4914
2164
5341
4282
4446
3480
3535
4781
5170
3157
3315
2545
3567
3264
5446
2938
4553
4145
3867
3683
3523
2737
2262
2483
4482
4165
5397
4318
5391
6904
3837
2488
2864
4349
3747
3195
5692
5067
2254
4105
3549
2380
3965
5349
6049
5602
2027
3183
4323
4690
4188
4716
4116
2808
3593
5527
4422
4357
4171
4791
4481
4897
4546
3351
3431
4296
8253
3019
2448
7471
4062
5375
4676
2985
3892
7357
3109
6060
4083
4884
4128
3056
3971
2844
2524
3823
4337
2334
3840
5836
4020
4263
4046
3119
4552
3525
3645
4682
3737
2712
4765
3907
2917
2648
3596
3472
3204
2504
3788
5196
3818
3515
2599
5897
3488
3170
4976
2672
5784
2874
4203
4061
3965
3864
3237
4749
3475
5827
4157
2774
4545
5306
3907
2588
3515
3936
4481
4992
4148
3007
2697
2341
4259
2300
4468
3165
5389
3161
2373
5283
5140
3796
3887
3066
2656
3495
3571
3042
3862
2745
3971
3893
3552
3741
3516
3512
5269
2877
3758
3269
5008
5262
3138
4280
2200
3762
3783
2796
3956
3301
3595
3567
7855
4518
3868
4618
4376
2323
3778
2356
2817
3794
4478
3100
2354
2860
3710
3441
4083
4647
