4749
9500
5336
3865
6678
3456
6154
7244
6091
6687
6256
4492
5900
4427
7297
4911
5071
5590
4838
9335
7820
4858
12013
4344
7067
3817
3584
3750
4304
5902
5752
4556
9152
4741
6361
5717
10695
5877
9928
3270
5107
4064
5262
4818
9399
5928
7376
6371
5921
8430
5960
7730
8607
3694
5265
5809
4155
4757
8193
6401
6658
3399
8712
4449
4771
5625
5466
8414
5847
4790
5231
6327
8592
7251
6772
7034
5433
8357
7336
6876
3835
5313
5827
3972
6927
8439
6111
5629
5415
5191
4177
5663
4884
10135
7125
5001
5502
7272
7004
7429
4431
7060
6716
8257
3470
3557
6796
5383
6574
5101
5557
5711
8489
7248
5851
4687
4324
5037
6183
7371
5866
3472
4358
7291
5275
10182
4872
5017
4806
6651
6064
6419
3912
3555
4221
6769
5527
8213
5722
7589
5583
7237
5448
6172
4394
4543
7543
6169
6634
3876
8137
3143
5852
4478
5818
5440
9013
4340
3475
6690
7267
6411
6019
5322
4117
4026
7093
4560
4452
5921
4470
6446
5329
5919
8727
6153
4564
4978
5504
5031
7177
9244
8486
5064
7155
5211
6431
7696
3990
7064
4949
8543
7733
6402
6212
4226
6010
4490
4461
6401
5441
5065
7080
6086
4713
6901
6231
9669
5929
5607
4093
7579
5558
5744
5029
4731
5323
8377
9459
5190
6535
8798
5670
9098
5954
6650
5097
3678
10031
11583
8311
7177
3472
8535
4883
7580
6044
4855
7471
3974
3829
5858
3275
4329
5211
5230
5078
5767
3553
6125
7113
6587
5045
8989
5036
11861
6129
5124
5209
3501
3882
6046
4617
4998
6388
4418
4426
7590
6224
8051
6135
5081
4278
5259
6161
5845
6500
6827
3946
8612
4578
4181
6413
7855
6855
3556
4131
8508
4701
7478
6317
5288
5262
5562
8568
7351
4485
3115
8690
8759
5604
5984
3360
3446
5984
4908
5129
6654
4731
6689
8539
6653
5117
6490
9556
5785
6477
5592
6482
3938
6408
3241
4527
5489
7586
6910
5887
5201
7185
6510
4176
5169
8705
4075
4481
5166
6052
7861
3761
4658
6962
6421
3416
5940
6389
4032
5307
8011
3831
7195
6242
9402
5659
4479
6799
9095
8124
8271
6627
6499
7447
8400
5137
5531
4792
4959
6874
6012
5955
5108
7316
4852
6294
3736
3913
6867
6947
4368
4532
6508
7216
4441
7935
4954
8410
4094
5355
4598
7133
5419
3536
8139
3793
5964
6462
4855
4256
9254
7589
8212
5390
4640
4232
5154
9483
7335
7738
5651
7055
6467
6011
5516
4576
4506
7332
7321
7542
5411
5124
7665
3653
4368
5288
3998
6840
5762
4728
5122
4981
7479
5012
8332
5252
4643
6610
3960
6664
7569
4075
7077
4974
5188
7192
5666
5978
6800
5329
8740
6388
7352
4810
8698
9873
4120
5167
5485
6200
6280
3626
6592
4569
9040
7249
8375
6281
4944
4386
6769
6490
8586
3733
5037
7447
6270
3871
4490
10386
7402
7919
4703
4109
7497
6673
7900
4714
3791
5294
6511
6606
4612
3815
6030
5730
5170
5779
7189
6558
8271
4882
5532
