1932
1932
1963
1994
1932
1932
1932
1995
1932
1932
1932
1932
1932
1932
1932
1932
1932
1932
1932
1932
1932
1932
1932
1932
1932
1994
1932
1932
1932
1932
1932
1932
1932
1932
1932
1932
1932
1932
1933
1932
1964
1932
1932
1932
1932
1932
1932
1932
1932
1932
1994
1932
1932
1932
1932
1933
1935
1995
1994
1932
1932
1932
1932
1932
1932
1932
1932
1932
1932
1932
1932
1932
1932
1932
1933
1932
1932
1932
1933
1932
1932
1932
1963
1932
1932
1932
1932
1932
1932
1996
1932
1932
1932
1932
1996
1932
1932
1932
1932
1932
1932
1932
1932
1932
1932
1932
1932
1932
1932
1932
1932
1932
1932
1932
1932
1932
1932
1932
1932
1932
1932
1932
1995
1996
1933
1933
1932
1995
1932
1933
1932
1932
1932
1994
1933
1932
1932
1963
1995
1932
1932
1933
1932
1963
1932
1932
1932
1995
1932
1932
1996
1932
1932
1932
2245
1932
1932
1932
1932
1932
1933
1932
1932
1932
1932
1932
1932
1932
1932
1932
1932
1932
1932
1932
1932
1932
1932
1932
1996
1932
1932
1932
1932
1996
1932
1932
1932
1933
1932
1932
1996
1996
1932
1933
1933
1932
1932
1932
1932
1932
1932
1932
1932
1932
1963
1932
1932
1932
1932
1932
1932
1932
1995
1932
1932
1932
1933
1933
1932
1932
1932
1932
1932
1994
1932
1932
1932
1932
1932
1932
1932
1932
1996
1932
1932
1932
1932
1932
1932
1932
1933
1932
1932
1932
1996
1933
1932
1932
1932
1932
1932
1932
1932
1932
1963
1994
1932
1932
1932
1932
1932
1932
1932
1932
1932
1932
1963
1932
1932
1932
1932
1932
1932
1995
1932
1932
1932
1995
1932
1996
1932
1995
1932
1932
1932
1932
1932
1932
1932
1932
1932
1932
1932
1932
1963
1932
1932
1932
1996
1932
1995
1932
1932
1932
1932
1932
1932
1932
1933
1995
1932
1932
1932
1932
1932
1932
1932
1932
1932
1933
1932
1995
1932
1932
1996
1932
1996
1932
1963
1932
1932
1932
1932
1995
1932
1932
1932
1963
1932
1932
1932
1932
1932
1932
1932
1932
1932
1994
1996
1994
1932
1932
1932
1932
1932
1932
1995
1994
1963
1932
1932
1932
1932
1932
1932
1932
1932
1995
1932
1996
1932
1932
1933
1932
1993
1932
1932
1932
1995
1932
1932
1932
1932
1933
1932
1995
1963
1932
1932
1995
1932
1995
1932
1932
1932
1932
1932
1932
1932
1932
1932
1932
1932
1932
1932
1932
1932
1932
1932
1932
1932
1932
1932
1932
1932
1932
1964
1932
1932
1932
1932
1932
1932
1963
1932
1932
1932
1995
1995
1932
1932
1932
1932
1932
1932
1996
1932
1932
1932
2119
1932
1994
1932
1932
1932
1963
1932
1932
1994
1932
1994
1932
1932
1963
1932
1932
1932
1932
1932
1932
1963
1932
1932
1932
1932
1995
1932
1932
1932
1932
1996
1932
1996
1963
1932
1932
1932
1932
1932
1963
1932
1994
1932
1932
1932
1932
1996
1994
1932
1932
1996
1932
1932
1932
1932
1932
1995
1994
1995
1932
