7930
7930
7930
7996
7993
7930
7992
7995
7931
7930
7930
7931
7930
7930
7930
7930
7930
7930
7930
7996
7994
7930
7995
7930
7930
7930
7994
7930
7992
7930
7994
7930
7993
7930
7930
7930
7930
7930
7930
7930
7930
7930
7994
7930
7930
7930
7930
7930
7930
7930
7930
7996
7930
7930
7930
7994
7930
7930
7930
7930
7993
7930
7930
7930
7930
7930
7930
7930
7930
7930
7930
7930
7992
7930
7930
7930
7930
7994
7930
7930
7930
7994
7995
7930
7930
7930
7930
7994
7930
7930
7930
7930
7930
7992
7995
7930
7930
7930
7930
8995
7996
7993
7930
7930
7961
7930
7994
7996
7930
7994
7930
7933
7930
7930
7930
7992
7930
7930
7930
7930
7930
7930
7930
7930
7992
7930
7930
7930
7930
7995
7930
7930
7992
7931
7996
7930
7995
7930
7930
7930
7930
7930
7930
7930
7992
7994
7996
7930
7930
7930
7930
7930
7930
7930
7930
7930
7930
7993
7930
7993
7930
7930
7930
7930
7931
7930
7930
7930
7930
7930
7931
7930
7996
7930
7996
7931
7961
7994
7930
7992
7995
7995
7930
7930
7930
7930
7930
7930
7930
7930
7930
7930
7930
7930
7993
7961
7930
7930
7930
7930
7930
7930
7930
7993
7930
7994
7993
7993
7930
7930
7930
7961
7930
7930
7994
7930
7996
7930
7930
7930
7930
7930
7993
7930
7931
7993
7930
7930
7930
7930
7930
7930
7996
7930
7930
7930
7930
7930
7930
7930
7995
7930
7930
7930
7930
7930
7930
7930
7930
7930
7930
7993
8244
7930
7930
7930
7930
7961
7930
7930
7930
7930
7930
7930
7995
7993
7930
7930
7994
7930
7930
7930
7930
7994
7992
7931
7930
7995
7993
7930
7930
7930
7930
7930
7930
7930
7930
7930
7930
7931
7930
7930
7996
7996
7930
7930
7930
7930
7930
7996
7930
7930
7930
7930
7931
7930
7996
7993
7930
7930
7992
7930
7930
7930
7930
7992
7930
7930
7930
7930
7997
7930
7994
7930
7931
7996
7995
7930
7930
7930
7930
7930
8098
7992
7930
7930
7930
7996
7930
7930
7930
7996
7993
7930
7993
7992
7931
7930
7930
7995
7930
7930
7995
7930
7930
7930
7930
7930
7930
7930
7930
7930
7930
7930
7930
7930
7930
7930
7961
7930
7930
7930
7930
7930
7930
7930
7930
7930
7930
7930
7930
7930
7930
7930
7930
7930
7995
7930
7930
7930
7931
7930
7930
7994
7930
7961
7930
7992
7930
7930
7930
7930
7930
7930
7995
7992
7930
7993
7930
7930
7961
7930
7930
7961
7996
7930
7930
7930
7930
7930
7930
7961
7930
7930
7996
7994
7930
7930
7930
7930
7930
7931
7930
7930
7930
7930
7961
7930
7930
7930
7992
7930
7995
7930
7930
7930
7992
7930
7930
7931
7930
7930
7930
7992
7930
7993
7930
7995
7992
7930
7930
7930
7931
7930
7930
7930
7930
7961
7930
7930
7930
7930
8099
7930
7930
7930
7995
7996
7995
7930
7930
7930
7994
7930
7930
7930
7993
7930
7993
7993
8098
7930
7931
7996
7930
7930
7930
7930
7930
7930
