5807
5808
5807
5807
5807
5807
5807
5808
5807
5807
5807
5995
5807
5807
5807
5807
5807
5807
5807
5807
5900
5807
5996
5996
5807
5807
5807
5807
5807
5807
5807
5807
5807
5807
5994
5807
5807
5807
5807
5807
5807
5807
5807
5900
5995
5807
5994
5807
5807
5807
5807
5807
5807
5807
5807
5807
5996
5900
5807
5994
5807
5807
5807
5807
5807
5807
5807
5807
5807
5807
5995
5807
5807
5994
5807
5809
5807
5807
5807
5808
5807
5807
5807
5807
5807
5994
5900
5807
5995
5807
5807
5807
5807
5807
5807
5807
5809
5807
5807
5807
5807
5807
5807
5807
5807
5807
5997
5807
5807
5807
5807
5900
5994
5996
5807
5995
5807
5807
5900
5807
5807
5807
5807
5994
5900
5807
5807
5807
5807
5807
5807
5807
5807
5808
5807
5807
5807
5807
5807
5807
5807
5807
5807
5807
5900
5994
5807
5807
5807
5807
5807
5807
5807
5807
5807
5807
5807
5807
5807
5807
5807
5994
5807
5807
5807
5807
5807
5807
5807
5995
5807
5807
5807
5807
5807
5807
5807
5807
5807
5994
5807
5996
5807
5807
5808
5807
5807
5900
5807
5807
5808
5900
5808
5807
5807
5808
5807
5994
5807
5807
5807
5994
5808
5900
5807
5807
5995
5807
5807
5807
5807
5808
5807
5807
5807
5994
5807
5807
5807
5900
5807
5807
5807
5807
5807
5808
5807
5807
5995
5807
5807
5807
5807
5807
5807
5807
5996
5900
5807
5807
5807
5808
5807
5807
5807
5807
5807
5807
5807
5807
5807
5807
5994
5807
5807
5995
5807
5807
5807
5995
5807
5807
5807
5994
5807
5807
5807
5994
5807
5808
5994
5995
5995
5807
5807
5900
5807
5807
5900
5807
5994
5807
5807
5807
5807
5807
5807
5807
5807
5808
5807
5807
5807
5807
5807
5996
5807
5807
5807
6369
5995
5994
5807
5900
5807
5807
5807
5995
5995
5807
5807
5807
5900
5808
5807
5807
5807
5807
5807
5807
5994
5807
5807
5807
5807
5807
5807
5807
5807
5807
5807
5807
5807
5807
5807
5807
5996
5807
5807
5807
5807
5807
5807
5807
5807
5996
5807
5995
5807
5807
5807
5807
5807
5807
5808
5807
5807
5807
5807
5807
5807
5807
5900
5807
5807
5994
5807
5807
5807
5807
5807
5807
5807
5807
5807
5995
5807
5996
5994
5946
5996
5807
5807
5807
5808
5807
5900
5995
5994
5807
5807
5807
5807
5807
5994
5807
5807
5807
5807
5807
5807
5807
5807
5900
5807
5807
5994
5994
5807
5807
5996
5807
5807
5807
5807
5807
5807
5807
5807
5807
5807
5807
5807
5807
5807
5994
5808
5807
5807
5900
5807
5807
5807
5808
5808
5807
5996
5807
5994
5807
5807
5807
5807
5807
5807
5807
5808
5807
5994
5900
5808
5807
5807
5807
5995
5807
5807
5995
5808
5807
5807
5807
5807
5807
5996
5807
5807
5807
5996
5807
5807
5807
5807
5807
5807
5807
5807
5807
5807
5807
5807
5900
5807
5996
5807
5807
5807
5807
5807
5807
5807
5807
5994
5995
5807
5807
5807
5807
5807
5995
