1979
1976
1976
1977
1976
1976
1977
1976
1977
1976
1976
1976
1976
1976
1976
1976
1976
1976
1976
1976
1977
1978
1977
1977
1976
1978
1976
1976
1976
1978
1977
1977
1976
1976
1976
1978
1979
1976
1977
1976
1978
1977
1976
1977
1976
1977
1976
1976
1978
2227
1976
1976
1977
1976
1976
1976
1976
1976
1976
1977
1976
1976
1977
1977
1976
1981
1976
1976
1976
1976
1976
1980
1979
1976
1976
1976
1978
1976
1976
1976
1976
1976
1977
1977
1977
1978
1976
1976
1976
1976
1977
1977
1976
1976
1976
1977
1978
1976
1979
1976
1976
1976
1977
1978
1976
1978
1978
1976
1976
1976
1976
1976
1976
1976
1976
1976
1976
1976
1976
1980
1980
1978
1977
1978
1976
2039
1981
1978
1978
1976
1976
1977
1976
1976
1976
1976
1980
1976
1980
1976
1976
1976
1976
1976
1976
1976
1976
1976
1976
1976
1976
1976
1976
1976
1976
1976
1979
1976
1976
1976
1976
1978
1976
1976
1976
1977
1977
1976
1976
1978
1978
1976
1976
1976
1976
1976
1976
1976
1980
1977
1976
1976
1978
1976
1976
1976
1979
1976
1977
1980
1978
1976
1976
1980
1976
1976
1978
1976
1978
1976
1976
1976
1976
1976
1976
1976
1976
1977
1977
1976
1979
1978
1978
1976
1976
1976
1976
1976
1976
1978
1976
1977
1976
1976
1976
1979
1980
1976
1976
1977
1976
1976
1980
1980
1977
1980
1976
1976
1979
1980
1976
1976
1976
1978
1976
1977
1976
1977
1979
1976
1976
1976
1976
1979
1979
1976
1980
1977
1976
1976
1976
1977
1978
1976
1978
1976
1977
1976
1976
1976
1977
1976
1976
1976
1976
1977
1976
1977
1976
1976
1978
1976
1976
1978
1978
1976
1976
1976
1980
1976
1977
1976
1976
1976
1976
1976
1977
1976
1976
1979
1976
1976
1976
1976
1976
1976
1977
1976
1979
1976
1976
1981
1976
1976
1976
1976
1976
1979
1977
1976
1976
1976
1976
1977
1977
1980
1976
1976
1977
1976
1976
1976
1980
1976
1979
1978
1976
1976
1976
1976
1976
1976
1976
1976
1976
2103
1976
1978
1980
1976
1976
1976
1976
1978
1976
1976
1980
1976
1976
1976
1976
1976
1977
1976
1976
1976
1977
1976
1977
1976
1976
1976
1980
1976
1976
1976
1976
1981
1976
1976
1976
1976
1976
1976
1976
1977
1980
1976
1977
1976
1978
1979
1983
1976
1980
1977
1976
1976
1977
1977
1976
1976
1977
1976
1976
1976
1977
1978
1978
1980
1977
1976
1976
1976
1978
1976
1977
1976
1976
1977
1976
1976
1976
1976
1980
1976
1976
1976
1976
1981
1979
1976
1976
1976
1976
1976
1981
1976
1978
1976
1976
1976
2012
1979
1976
1977
1976
1976
1976
1976
1976
1978
1976
1976
1976
1976
1976
1976
1976
1976
1976
1976
1976
1976
1976
1976
1976
1976
1977
1977
1976
1976
1976
1976
1976
1976
1978
1978
1976
1980
1976
1976
1976
1981
1979
1976
1977
1976
1976
2227
1976
1978
1976
1980
1976
1980
1976
1976
1976
1976
