3974
3974
3974
3974
3975
3974
3978
3975
3977
3974
3976
3975
3974
3974
3975
3977
3974
3975
3974
3974
3975
3974
3974
3974
3974
3976
3978
3975
3975
3974
3974
3974
3974
3974
3974
3974
3976
3974
3976
4011
3979
3974
3974
3974
3974
3974
3974
3974
3974
3974
3974
3974
3974
3978
3974
3975
3974
3974
3976
3975
3974
3974
3975
3975
3974
3976
3975
3974
3974
3977
3977
3976
3974
3974
3974
3974
3975
3974
3974
3976
3974
3974
3975
3975
3974
3974
3974
3978
3976
3974
3974
3975
3974
3974
3975
3974
3974
3974
3974
3974
3974
3974
3974
3974
3974
3974
3974
3975
3974
3974
3974
3974
3974
3974
3974
3974
3974
3974
3974
3974
3977
3974
3974
3977
3974
3974
3974
3974
3974
3974
3974
3974
3975
3975
3974
3978
3978
3974
3976
3974
3974
3975
3975
3974
3976
3974
3976
3974
3974
3974
3974
3976
3974
3975
3974
3975
3975
3974
3974
3974
3974
3974
3974
4101
3974
3974
3974
3974
4101
3974
3974
3978
3978
3974
3974
3974
3974
3975
3977
3981
3974
3980
3974
3976
3974
3975
3978
3974
3974
3974
3974
3974
3974
3975
3978
3975
3974
3974
3974
3974
3974
3976
3974
3974
3974
3974
3974
3974
3974
3974
3974
3975
3974
3974
3975
3974
3974
3974
3974
3975
3975
3974
3974
3974
3974
3974
3974
3974
3974
3976
3976
3974
3978
3974
3974
3974
3975
3978
3974
3977
3974
3976
3975
3976
3975
3975
3976
3975
3974
3975
3975
3978
3975
3977
3975
3974
3976
3975
3974
3974
3974
3974
3974
3974
3975
3974
3994
3976
3976
3974
3976
3974
3975
3974
3974
3974
3974
3977
3974
3974
3974
3975
3974
3975
3974
3974
3974
3976
3980
3974
3974
3978
3975
3975
3976
3975
3974
3976
3974
3974
3974
3974
3975
3974
3974
3976
3974
3974
3974
3974
3974
3974
3978
3974
3974
3974
3974
3974
3976
3974
3974
3974
3974
3974
3974
3974
3974
3974
3974
3974
3974
3975
3974
3981
3978
3975
3975
3976
3974
3974
3977
3974
3974
3977
3975
3974
3978
3974
3975
3974
3974
3975
3974
3974
4037
3976
3979
3974
3974
3974
3974
3974
3975
3974
3974
3974
3976
3975
4101
3976
3974
3974
3974
3975
3974
3974
3976
3976
3974
3975
3974
3977
3974
3974
3974
3977
3974
3974
3974
3975
3974
3974
3974
3974
3974
3974
3974
3974
3974
3977
3974
3974
3974
4037
3976
3974
3974
3975
3976
3974
3975
3975
3974
3974
3974
3974
3974
3975
3974
3974
3974
3974
3974
3974
3976
3974
3977
3978
3977
3974
3975
3974
3974
3974
3974
3974
3974
3975
3974
3974
3974
3974
3975
3974
3974
3974
3974
3975
3974
3975
3976
3974
3974
3974
3977
3975
3979
3975
3974
3974
3974
3975
3974
3975
3978
3974
3974
3974
3979
3975
3976
3974
3978
3974
3974
3975
3975
3975
3974
3974
3975
3974
3974
3974
3974
3976
3974
3974
3974
3974
3974
3977
3974
3975
3976
3976
3974
3976
3975
3978
