7974
7977
7972
7972
7972
7972
7972
7972
7972
7972
7973
7972
7972
7973
7973
7973
7972
7972
7973
7973
7972
7972
7973
7972
7974
7973
7972
7973
7972
7973
7972
7972
7973
7973
7972
7972
7972
7972
7972
7972
7974
7972
7972
7972
7972
7972
7973
7972
8473
7972
7972
7981
8473
7972
8975
7972
7973
7972
7972
7972
7972
7972
7972
7973
7976
7972
7972
8010
7972
7972
7974
7978
7973
7972
7976
7973
7977
7972
7972
7975
7972
7972
7973
7976
7975
7972
7973
7972
7972
7972
7972
7973
7972
7972
7973
7973
7972
7972
7974
7972
9973
7972
7978
7972
7974
7972
7972
7972
7972
7972
7972
7972
7972
7972
7977
7972
7972
7975
7973
7972
7972
7973
7976
7973
7972
7973
7972
7974
7972
7977
7972
7972
7972
7972
7975
7972
7972
7973
7973
7972
7972
7972
7977
7972
7972
7972
7974
7972
7973
7972
7972
7973
7972
7974
7972
7972
7972
7972
7972
7973
7972
7973
7973
7975
7976
7972
7972
7972
7972
7973
7972
7972
7972
7972
7972
7990
7972
7974
7973
7972
7973
7972
7975
7972
7974
7972
7972
7972
7974
7972
7975
7972
7972
7976
7972
7973
7972
7972
7972
7972
7973
7972
7972
7972
7972
7972
7972
7972
7976
7972
7972
7972
7972
7973
7973
7972
7972
7973
7972
7974
7972
7972
7974
7972
7975
7972
7973
7972
7972
7972
7972
7976
7972
7972
7972
7972
7972
7972
7972
7974
7972
7973
7972
7972
7972
7972
7972
7974
7972
7972
7972
7972
7972
7973
7972
7972
7972
7972
7972
7972
7977
7972
7972
7973
7972
7973
7974
7976
7972
7972
7972
7972
7972
7972
7972
7972
7972
7974
7972
7975
7972
7973
8223
7972
7974
7990
7972
7972
7972
7972
7972
7972
7972
7972
7973
7973
7979
7972
7972
7976
7972
7973
7973
7972
7972
7973
7973
7973
7972
7973
7972
7972
7972
7972
7973
7972
7972
7972
7973
7973
7972
7972
7976
7972
7972
7974
7975
7973
7974
7974
7972
7972
7972
7972
7976
7972
7972
7975
7973
7972
7972
7972
7973
7972
7972
7974
7972
7975
7972
7972
7972
7974
7972
7972
7973
7973
7973
7974
7972
7975
7973
7972
7972
7972
7977
7974
7974
7972
7972
7974
7973
7972
7972
7972
7972
7972
7972
8039
7977
7973
7972
7972
7972
7972
7972
7972
7972
7974
7972
7973
7972
7972
7973
7972
7974
7973
7973
7973
7972
7972
7972
7972
7974
7972
7978
7972
7973
7972
7972
7972
7972
7972
7972
7973
7973
7974
7973
7973
7975
7972
7972
7972
7972
7972
7973
7974
7972
7976
7972
7972
7974
7973
7972
7972
7972
7974
7973
7972
7972
7972
7972
7973
7972
7972
7972
7975
7972
7972
7972
7972
7972
7972
7972
7972
7976
7974
7976
7973
7976
7973
7973
7972
7972
7972
7972
7972
7977
7972
7972
7972
7976
7973
7973
7972
7972
7973
7972
7976
7972
7972
7972
7972
7973
7972
7972
7976
7973
7976
7972
7973
7972
7972
7973
7972
7972
7972
7972
7976
7973
7972
