5975
5974
5972
5971
5971
5972
5974
5971
5971
5974
5971
5973
5975
5976
5973
5971
5971
5971
5971
5971
5974
5971
5977
5971
5975
5971
5971
5971
5971
5971
5971
5971
5971
5971
5971
5971
5971
5972
5971
5971
5971
5974
5971
5972
5971
5971
5974
5971
5971
5971
5973
5971
5971
5971
5971
5971
5971
5971
5971
5971
5971
5972
5971
5971
5971
5976
5972
5971
5971
5975
5971
5975
5974
5971
5971
7473
5972
5971
5971
5972
5974
5971
5975
5973
5971
5974
5971
5972
5973
5971
5972
5971
5971
5972
5971
5972
5971
5971
5971
5971
5971
5972
5971
5976
5975
5971
5971
5971
5971
5975
5971
5971
5971
5975
5981
5973
5971
5971
5971
5978
5971
5973
5971
5971
5971
5971
5972
5975
5972
5971
5971
5971
5971
6069
5971
5971
5971
5971
5971
5974
5971
5971
5971
5974
5971
5971
5971
5979
5971
5971
5971
5975
5971
5972
5974
5973
5973
5973
5971
5972
5972
5971
5971
5975
5972
5971
5971
5971
5971
5973
5971
5971
5973
5972
5971
5975
5971
5971
5971
5971
5973
5971
5971
5973
5971
5974
5971
5971
5971
5975
5975
5971
5971
5971
5971
5971
5972
5972
5999
5975
5973
5971
5979
5971
5972
5971
5971
5971
5971
5975
5973
5971
5974
5972
5971
5975
5971
5971
5971
5971
5971
5974
5975
5971
5975
5971
5971
5971
5971
5971
5971
5971
5971
5971
5971
5971
5971
5971
5971
5971
5974
5974
5972
5974
5971
5971
5971
5975
5971
5972
5971
5975
5971
5973
5972
5971
5973
5971
5972
5971
5971
5971
5974
5975
5971
5971
5971
5972
5971
5975
5971
5972
5971
5971
5975
5971
5971
5972
5974
5977
5978
5971
5971
5971
5971
5971
5974
5971
5971
5972
5971
5972
5971
5971
5973
5971
5971
5971
5971
5971
5974
5971
5972
5971
5971
5971
5971
5971
5971
5972
5971
5973
5971
5971
5976
5971
5972
5976
5975
5971
5971
5971
5976
5971
5974
5971
5971
5971
5975
5973
5971
5975
5971
5972
5975
5971
5971
5971
5973
5977
5975
5972
5971
5975
5978
5971
5971
5971
5971
5973
5972
5971
5976
5971
5972
5971
5971
5974
5971
5974
5975
5973
5971
5971
5975
5976
5974
5973
5971
5975
5971
5974
5971
5971
5971
5971
6351
5971
5971
5971
5971
5971
5975
5971
5971
5975
5971
5971
5971
5971
5971
5971
5972
5974
5971
5971
5973
5971
5975
5975
5971
5971
5971
5972
5976
5971
5976
5975
5976
5975
5971
5972
5971
5973
5974
5971
5971
5971
5977
5972
5975
5972
5982
5973
5971
5971
5978
5972
5971
5971
5971
5971
5975
5971
5972
5972
5971
5971
5971
5975
5971
5971
5972
5971
5971
5974
5971
5971
5971
5971
5975
5971
5971
5971
5974
5971
5971
5975
5974
5971
5971
5971
5971
5971
5976
5971
5974
5971
5979
5971
5973
5971
5971
5971
5975
5971
5971
5971
5973
5972
5971
5971
5971
5971
5971
5972
5971
5975
5971
5971
5975
5972
5974
5971
5971
5971
5971
5973
5974
5971
