7029
13609
8463
6001
8347
10952
10398
8354
8329
9282
3999
11853
6993
3999
10905
3999
7039
6007
14058
8944
6090
6003
6003
11630
7125
12522
9230
8203
17018
6012
6009
8019
6022
6000
9352
6016
10765
6002
8806
13481
7034
6137
12832
8287
6005
9782
7907
6973
7049
7008
6005
10960
10327
6045
6983
6018
9788
6075
6003
7018
11866
12254
9939
8244
6000
6003
8397
7001
7000
14600
19123
11009
8053
7020
9160
6002
6975
6007
6998
7009
7005
7038
8331
6010
6002
6002
7001
6005
8114
6998
6017
6444
6010
6495
6008
7038
6003
6999
8242
3999
8228
8425
21642
6068
7913
8832
11319
8505
7581
8424
9965
6031
7056
7020
6013
16605
24443
8494
11104
6057
11460
7479
8647
8060
7010
6004
6006
11040
14716
9763
6004
6969
8436
6041
11581
8356
6001
8954
9821
6939
18453
9534
6994
6979
9055
13952
8591
11600
10314
9181
21107
7010
7005
6006
11350
6869
7006
6014
6062
12083
16456
7031
7062
6060
7457
8497
6006
6067
7012
6974
7865
6826
6004
6988
8071
5999
8082
8829
6001
9702
8451
6981
7077
6017
8342
8304
8052
8172
6016
11233
10193
8076
15482
8610
9842
6027
6041
9543
8264
6000
6054
6007
8885
11411
7964
7040
6618
7001
9839
8275
12401
10133
10667
3999
9932
11811
11530
7490
6965
6032
9898
9333
8090
7012
8180
6008
6002
9595
7716
8627
7055
6977
7073
17622
10377
8149
8744
6757
8468
9037
14038
7031
8156
7000
7028
11348
8259
7015
8262
8091
10977
10417
8637
7794
13205
7076
7011
7020
6029
11249
8270
6011
6619
6008
7271
10238
6000
6008
7009
6963
14886
8949
8596
6969
8370
6042
6012
8873
8512
7042
7091
6004
6034
7139
6005
12106
8241
8379
7090
8198
7017
8064
7130
11165
9922
8141
11874
6007
7980
6978
8308
3999
3999
9006
11193
6954
6049
6986
6569
6042
8727
6000
12926
7044
7046
9176
7055
7743
9420
7058
9200
9149
8046
14203
10553
6029
6484
10160
12114
10950
6012
6008
6032
8346
6994
6017
11310
10061
6002
8194
8079
14263
8382
7124
7918
11245
6010
8519
8232
7026
6017
10302
16754
6034
6019
7015
6045
8292
10956
3999
7015
9608
8525
7830
13733
10819
6000
10122
7912
6031
6999
6015
6007
8875
9952
9023
15053
10974
6005
12409
6979
7882
7909
6004
8056
10690
8321
3999
7923
6010
7913
9196
7025
7398
6070
8081
8637
7036
6038
6231
6068
18950
7033
6002
7991
6017
8667
8394
6005
6054
6014
6017
8269
9911
8413
3999
7909
9250
10016
3999
6007
6026
7004
10424
6011
21425
6041
7026
11486
10634
7024
9157
7008
7016
6002
9438
7872
3999
11346
9251
7013
9667
5999
8147
9196
10303
6003
7016
8615
7038
6001
9920
6005
6039
6014
10669
7067
11989
6000
6006
7932
5999
6050
9726
7084
6037
13056
18923
7003
9062
7028
6191
7078
12916
6004
6013
9933
7033
11011
7000
8354
6570
6756
3999
8601
11348
7003
7046
6020
8671
6025
7041
6012
6019
9314
6036
6039
7929
6416
3999
