1758
1989
1526
1738
3230
1501
1534
1500
3453
1745
1501
1789
999
2774
1787
3225
1500
1501
1980
1503
1979
999
4501
1732
2101
1802
1890
3742
999
2373
999
1510
2052
3352
1772
999
3986
3132
1502
3800
2884
1505
2212
1513
2608
3967
1667
1544
1507
1749
2102
1504
3405
2336
1536
1663
1500
2028
2394
1500
1501
1851
1772
2412
1544
1756
1500
2516
2149
1769
1505
1886
2790
2241
1503
1499
1505
2445
2562
1501
1759
1757
1503
1837
1509
1740
3080
3036
1514
1506
4003
2875
999
2269
1750
1772
1879
1744
1761
1753
1515
1500
1750
1503
2197
2079
1511
1512
1517
1504
2790
1799
1991
1998
2316
1501
2540
1500
1757
1776
1501
1989
1502
1509
1499
3850
2066
1891
2336
1510
2043
2689
1763
2481
1918
1504
1796
2113
1514
2918
1517
1500
1772
3603
1696
999
1751
2552
2398
1922
2818
1999
1777
2234
1990
3114
1755
1509
1936
1793
1510
4958
2045
2775
1499
1926
1758
1745
1986
1504
1984
1893
2459
1499
1500
2329
1757
1780
1527
1501
1510
2169
1500
999
2200
2050
2091
2371
1508
4829
1505
2144
2756
1504
2120
1940
1527
1829
1519
1522
1524
3666
999
2167
3774
1892
2842
1763
1740
999
1935
4411
2930
1780
2025
2019
2587
1547
1534
1760
1854
1748
1613
2220
4002
1502
1814
1517
1742
1526
2714
1740
1663
1977
1516
1673
1501
1762
1510
1972
3094
1872
2268
1499
1769
2052
3551
1977
2172
1766
1501
2108
3119
1750
2022
1502
1861
1499
2747
1746
3168
4050
5017
2384
1506
1775
1500
3871
2004
2092
5133
1511
2096
1510
2086
3152
2071
2073
2095
1745
2062
2047
2136
1871
1742
1855
1957
2486
2059
999
1501
2908
1505
1513
2109
2355
1511
1532
2051
1961
4438
1971
4322
2576
1747
2234
3074
3253
2178
4419
1750
2934
1801
3987
1898
999
2762
2031
999
1512
1502
3391
2049
1516
2503
2293
1744
2906
1826
1902
1500
1752
1991
1910
1755
1748
2428
4286
1503
1878
1991
1502
3099
1777
1772
2862
2920
2183
1752
1794
2449
1981
2032
3430
2485
4360
999
1519
1504
1982
2085
1752
2188
2799
2565
1745
3162
3901
1811
1808
1895
2133
3206
2476
2161
3595
1812
1756
1512
2246
1826
2578
3978
1743
1995
1512
2565
1505
1500
1521
2657
1511
2961
1936
1507
1754
1743
2443
2039
3293
2750
3725
2526
999
1754
1973
1505
2784
1770
2245
2060
4438
999
4014
2632
1687
1500
2085
2065
1767
1746
1740
1500
1746
2148
3057
2288
1859
1501
2004
1541
2083
1507
1499
2894
1753
1694
2125
1508
2117
2100
1756
999
1500
1521
1744
1499
2239
2080
1829
1766
2056
3396
1502
1710
2015
2508
3374
2368
1754
1509
1736
1499
1499
3077
2332
1500
1798
1527
1500
2470
999
4121
3448
4246
1784
1502
2037
2011
1754
3459
2016
1751
1510
1863
1531
1927
2517
1519
1502
3071
1982
1505
2156
2366
1504
2604
1744
1752
4162
