9802
5762
4561
4340
3910
35063
9600
3856
4132
8877
8168
3092
6117
3981
6412
4047
4209
5411
4083
14454
10470
9659
7566
6160
5019
4039
7541
4095
4009
3974
12878
4072
3999
3376
3896
6594
6465
1999
5199
4097
3210
4124
3640
1999
3262
3531
3879
12456
7173
3961
7541
7484
6101
3855
3951
19250
9714
4058
6433
4177
5685
8558
5829
11829
3587
4970
4185
7627
4247
10281
7492
6484
4081
4351
5327
5026
20692
1999
10140
6599
6803
7578
6908
11598
8428
3655
4270
11647
16725
6271
5926
4640
28551
5511
4532
3470
6655
3910
5910
6209
7429
3540
3499
15572
4006
7971
5691
4241
4361
12163
4169
31054
11033
6534
6711
6824
4201
3705
7791
10277
4533
19281
4572
5460
11637
12342
3943
3945
10866
4312
1999
27662
4250
3821
10760
4745
4314
6222
6156
10303
4088
3731
6637
4489
3885
22195
6601
4000
3863
6063
28941
5654
6977
9054
4263
4033
5778
9626
7969
8607
19271
4636
13951
11381
7154
6274
3044
39123
3787
6091
4691
4040
8660
3779
5528
6572
3813
4039
21159
8540
5886
6625
3726
4322
5940
5525
8546
9933
24703
4194
5033
3980
3893
4701
3873
7265
6169
4067
4021
3665
4047
11303
4374
4108
4271
4105
3195
24902
3832
23687
1999
3829
4731
10928
3742
4595
18158
3056
4602
1999
3914
3852
6744
4020
5828
10372
4497
6506
4420
3305
10624
4130
6453
3697
3996
6330
10565
4895
4041
4201
6197
3923
6953
4044
4829
3700
5577
3558
3946
4717
4021
3807
6514
6236
4950
4392
4009
3830
6418
3288
3665
3865
4130
7259
3243
3830
7401
3786
4387
6682
3960
3676
7618
5573
11084
4008
3913
4162
5431
3324
6338
4034
16273
6945
33982
21392
3594
4359
8468
4987
4120
4175
5822
4077
5960
8244
4685
5130
5467
3871
1999
4009
3813
4029
6072
5119
4083
5195
9118
4524
3607
3925
3801
4141
4283
13407
5283
8237
4058
3880
3925
4321
3800
5312
11231
6652
12668
9000
7716
3777
8400
3842
5614
4130
10960
7938
8039
6008
9261
1999
3587
16634
3948
6532
6142
4623
9464
3833
6877
13757
4124
25694
12534
4056
9676
5115
7780
9386
4292
5694
1999
25000
3721
4022
3927
6163
4830
23454
4051
10496
3891
4416
7660
5543
3996
31403
3797
4519
6414
5872
4336
13613
4015
17437
5862
4117
3822
4616
3773
5782
3796
3866
6999
19896
4377
4205
9206
3994
4012
6525
4092
15795
3618
5077
6525
6805
6007
14887
4051
3223
4639
6113
9531
4040
4062
8443
13553
5943
5361
33102
11068
4162
4150
6551
7370
10748
4048
8499
4167
4160
10208
8533
5503
22161
5819
3852
5183
3861
1999
6535
21515
8357
3950
4415
1999
1999
4129
5744
16149
10153
5922
5053
5311
16958
4028
3264
3857
5954
7224
4469
6486
3789
6080
3757
11206
5158
10360
6654
22833
12012
3958
1999
7071
6132
4232
9330
6748
10570
3831
13085
3973
5658
1999
6601
6320
3943
3615
3501
4561
4346
4341
4457
3226
3442
3713
3726
15773
23395
3734
6784
