5235
4526
6083
4506
4513
5969
4520
6019
8237
5268
7887
2999
7127
4774
10729
7912
5221
4501
4506
5982
5228
4505
4502
6324
11991
9434
7009
4508
4525
4537
5285
8553
5336
5556
11826
5305
5242
4528
5234
9980
5981
7288
6015
7140
4499
6505
4505
2999
4874
12590
5069
8370
6210
7202
5921
5265
5240
4514
5271
6783
12066
8654
5253
4561
7879
6166
5309
5238
10306
5936
8537
9927
4513
6409
4559
6108
4499
5138
5248
6572
10157
6434
7472
9014
5196
2999
6228
10774
7100
5878
6709
6256
5311
5248
4504
6226
4499
6129
4503
5216
7710
5252
6025
5251
6511
4504
4500
8967
6101
9078
10785
8251
5238
5320
4500
7915
8434
5311
4572
2999
9261
6798
7757
4516
5231
5228
6189
5739
2999
6647
6077
4521
7845
5248
7390
6170
7296
7967
5278
5644
10046
5341
8016
4522
6354
5327
4536
6343
6840
5237
5256
5633
5378
6266
6007
6120
6461
6746
7416
7475
7898
6057
5284
4507
5831
4502
5635
7585
5253
4500
5607
5340
7070
5284
12464
7439
7279
5243
4500
4501
6742
10921
7424
4514
7956
6748
6356
4503
5322
6664
7229
2999
4506
4551
6145
5243
5238
15561
4500
9649
4502
16168
5280
4529
6716
5245
5259
6494
5240
4510
4525
5309
5289
10314
9548
5998
7526
4505
6680
4502
7427
5266
4532
4506
4499
4503
4516
4807
5293
6028
7942
6346
4501
6704
4844
4522
8608
4508
6181
4507
4500
6788
5529
4500
6604
4503
7408
4877
9874
4500
12853
4500
2999
5949
5265
4553
15819
6315
5289
4520
7624
4505
13496
4502
5233
4515
8007
5331
7223
4499
4502
5260
6673
5792
5924
4525
9571
4501
6785
6340
6741
5262
4512
6446
5248
5295
4512
5229
7221
4562
5261
6448
4558
5277
8926
4558
6683
6046
5442
4521
6116
7095
10770
6085
9832
5505
7315
5236
4558
5289
5628
4507
5230
6152
4512
6696
6281
13872
4801
2999
8044
7829
8120
7834
4537
4503
5158
9014
6376
4505
5972
7864
10526
2999
4733
6366
6313
4500
6289
5286
5261
4703
6286
4507
4504
12439
7321
4542
4503
9972
5373
11686
4513
4507
4501
4709
6603
8623
5257
4509
5973
6086
4966
6283
14193
5232
5953
8821
2999
4516
6350
5330
5463
6090
4506
6370
4520
4524
4499
6305
4505
2999
5226
4527
4504
4537
4504
6881
6921
6265
5236
7066
7718
13546
6207
6661
6051
13805
7593
4532
9436
6748
10852
6067
7932
6269
8247
4499
9881
4564
4510
6734
13423
6420
4538
7487
6157
6366
8251
5367
4532
5216
5278
6369
7118
6680
5839
5996
8722
8052
5014
11795
6336
13106
5231
4501
6261
5225
5238
4517
5440
5252
7143
7802
5992
5215
7438
5205
6014
5226
5227
4541
8390
7437
4501
4507
6372
4505
7110
8100
5270
13234
4808
7430
11414
4499
4515
8538
6273
4499
6053
6003
5250
4502
4501
6092
9748
5251
4507
15368
7243
5987
8360
6062
4507
7919
6325
8693
6146
5837
5296
6305
6391
6700
6069
5251
6728
4520
4502
5208
