1927
999
2053
7996
13123
1943
2917
2012
6669
1988
5082
8773
1815
2058
2160
1971
5273
2002
2011
1979
7742
2293
2462
2000
1954
1834
1968
1636
2817
2203
2899
2847
1637
9923
2640
6418
2035
3413
3392
1954
4421
2240
1976
2058
3433
1955
2065
4065
1988
2200
2218
2696
3578
4061
4260
1841
2101
1762
1813
4722
3319
1928
7218
11628
2698
999
3280
2466
7792
2009
3677
3901
2463
2053
2687
999
2147
1812
999
3055
4607
1814
2405
1915
3338
3659
1930
2139
5977
2599
1843
3056
5798
3364
8544
1925
2010
9496
2786
999
1941
1843
2008
3392
17663
2729
2780
3275
1974
1999
2191
2833
3427
3294
2126
2304
1957
4745
3142
3154
1728
5711
4892
4992
3586
999
1818
1791
2226
2764
7512
3056
3261
2175
2900
1996
2873
999
2071
2902
2520
4651
1918
1857
2074
2619
8817
2934
999
4444
2061
1798
2962
2632
3781
5418
7456
999
6635
2366
999
1923
2519
1899
7709
3709
2596
3620
1773
3810
5287
3229
3029
1863
6554
1946
4091
5602
3074
3219
1916
1874
2914
999
2875
2328
1672
8906
3005
2297
3264
2682
2210
9855
1930
3839
2044
2259
1900
1878
2200
3007
9541
10812
3171
2287
2223
10131
1782
2623
1896
2593
1879
2166
1737
2085
2270
2439
5861
5480
2232
1801
1682
1938
999
3513
8708
2724
2711
4620
1922
999
2011
2900
2190
3992
11932
2047
2534
3314
2797
4309
2798
3380
999
3197
3018
1612
2003
1993
1992
2044
1792
7130
2240
2688
2417
3545
2763
1960
7703
1545
3925
1814
2303
1945
1918
2560
4862
3274
2916
7293
10699
3610
2428
8116
2933
1971
1948
1998
3349
4552
2036
2079
2739
1941
3112
1963
7184
2505
3915
3745
1973
2711
3271
4999
1871
1546
2186
3580
999
1951
2958
3068
1979
999
4457
2614
2018
2627
5534
2021
2271
1968
1767
1618
5212
1866
3863
6694
2878
3026
1839
5275
3236
2873
2961
2138
3455
999
1936
2704
4191
3108
1956
3406
1941
1822
1499
4732
3806
3104
2113
3121
2128
999
7908
2778
11930
2060
2069
7258
3188
2706
3746
7269
2008
2117
2288
999
1931
4599
1924
2006
2789
4731
1982
5608
3169
4328
4277
2264
3123
3523
3062
2854
1731
3283
999
2663
2657
2942
2101
6604
1902
1884
6239
2872
3142
1935
999
2075
1831
2065
3600
2327
3279
1964
10287
2143
2008
2251
1886
1843
2135
10973
1522
1869
6661
2089
14350
11263
4378
1874
8574
1937
2507
2009
16107
2196
1820
2841
1909
1984
1827
2427
2961
2007
999
3193
3577
4364
2230
1938
5560
3722
1873
9290
2002
7554
2757
2007
3349
6271
999
1980
5262
7176
4283
4767
2334
1835
3246
6422
1863
1892
2360
1712
3298
4270
3129
6821
1934
7004
2956
999
2985
3454
1814
2010
1836
999
4406
8001
1947
2346
1941
3260
1970
6174
2874
16139
6764
5706
2046
1904
9430
2157
2919
2238
1843
999
2160
3863
3134
3589
1905
3650
1955
2241
