5888
6029
9463
8404
5771
12196
15595
6844
5976
5994
10513
10583
14095
9700
19339
13087
10584
12347
18558
10308
6096
9300
22402
21786
11973
8793
9725
7660
6025
13170
19651
9784
4617
12855
17840
6969
16136
17859
21679
8770
8500
10520
17958
9235
6274
6428
12492
6829
5860
9616
9824
6082
10656
7116
8902
8972
9538
2999
51864
5839
11254
10609
6007
10025
12970
5856
6215
5949
5696
22851
6617
8131
10865
7708
7040
13797
5641
7193
12130
6346
5981
6201
10356
5739
6025
9700
8156
4900
10803
9625
5650
6060
45483
6311
5752
16107
16071
6106
60118
7044
9745
5286
6693
11074
36839
16291
9796
9526
4941
6098
6157
10294
8566
5554
5794
5904
9282
9130
11923
5904
6450
8415
13823
5962
11538
5624
10463
10496
24022
12849
6405
5396
7294
5888
2999
25207
5756
6983
6158
7783
5997
6429
7080
5765
8651
13452
9484
9329
6016
21560
6048
11778
5420
9113
6091
8472
5888
12202
9052
20120
6096
30473
22931
10721
19073
5591
10940
5540
6073
9397
7702
54657
5248
8202
6265
8096
10481
6974
6205
12816
8009
26576
40446
11275
10245
6244
16340
5584
8671
5764
6653
7557
7834
5886
37771
14948
4666
14960
16243
10204
5294
5934
8700
8637
8732
5777
14408
11590
29126
5954
10635
12513
9993
11851
8326
10492
31678
8856
5291
6755
2999
10971
5794
2999
6574
7893
6468
9122
10371
73121
8508
9373
6053
6186
9382
5351
7005
7755
10909
11667
12933
6025
6241
6085
7314
17751
5823
9842
11218
5599
11370
10195
11288
9298
6786
24434
5926
6148
5792
5868
5613
16079
7354
8730
5880
6865
8526
6096
8432
5469
9129
7296
10252
29000
8814
9602
9990
5435
9402
2999
9231
12673
9489
6288
5361
6028
11337
5572
5802
5870
10116
9276
5743
6345
6686
6043
5645
5419
12657
9195
11367
42073
6047
9160
8775
6082
6143
8956
39269
23056
23321
5987
39947
5296
6410
6133
5550
12104
7396
5907
5954
6195
22020
6973
6032
22817
9624
5270
6426
11813
6210
5714
9817
9530
8205
23200
2999
11669
19223
8925
6008
5436
6070
6158
9066
5955
6432
5479
25199
9894
11559
5282
14373
20782
5371
7609
2999
5852
9017
5709
6153
6524
42962
4786
5925
5865
13377
18048
5568
9260
12934
5386
5630
19206
6241
7541
5433
10213
4977
9803
14814
14959
6147
5521
7354
6192
5939
16385
5599
22452
7045
6012
6066
9584
2999
6874
4815
10242
18347
5739
5499
2999
6042
6111
10484
6363
11240
2999
12367
8649
15700
7201
13241
15285
9741
10863
7874
6495
10548
14123
6954
6174
12105
6044
20318
6485
9020
5535
18677
5952
10948
13171
13746
22895
11371
23516
9029
6122
6753
5725
5705
10291
9968
23567
9426
19754
6940
5775
20591
6081
5875
5905
9692
7217
28826
5733
8131
8992
9384
9246
5754
8384
5954
6292
7733
9189
7925
9742
14448
7190
10536
19297
15331
10239
43459
11269
7052
6596
9660
5830
6930
8109
14442
17241
10203
9824
6190
6032
6179
11931
7837
5948
20910
5249
6097
7979
6343
12451
10895
10951
