7480
7439
22779
7531
12156
8997
10113
10075
10011
12450
12590
8583
7685
9041
12078
13222
9154
36544
27813
8099
7995
44172
3999
9908
12904
8838
15552
7476
7781
8451
15319
11685
3999
8037
7649
32578
8086
22439
20087
8478
14162
8047
51665
13144
25132
3999
25223
8063
7626
7961
8096
22795
8133
10348
13247
13386
15914
6630
8078
7888
10860
12259
18929
11186
23145
20902
12927
25660
22818
8917
8003
11607
8637
24739
12155
13639
8377
57518
7917
55008
10612
7125
12899
8291
13933
21331
8522
9553
14906
7954
9280
8650
13636
7188
13008
7169
7182
8807
7895
8028
14030
20945
7706
11383
8399
10149
12254
7131
24292
18870
7716
8950
13298
35822
8697
38295
8059
19100
13909
8019
9494
8053
38520
12230
24821
16632
17270
13608
14795
3999
9525
8225
8256
8305
12862
8154
20376
13508
8010
6980
7501
10343
20116
7560
8063
26429
8602
8806
7827
7315
11047
8040
8594
25495
9406
14511
10418
7716
8384
8664
7580
11931
14377
13984
24462
8312
10985
20490
7507
71947
7429
17844
16222
6591
9518
8317
10903
8957
7316
36933
7573
13381
6526
14979
8764
12431
10081
8602
7495
9661
25798
13702
8110
10577
49251
11711
7674
11027
7964
9661
54441
14364
8099
13724
11266
8317
8057
7123
7887
8133
8626
11441
11748
3999
92314
11239
37158
8865
8116
8113
7695
9024
13189
6959
8114
8379
8586
10691
7990
16856
9192
7588
10899
43815
13432
7499
3999
10136
10863
13221
8119
8320
3999
8995
8582
8001
12383
20014
8197
9418
14011
8048
28806
10350
14765
6952
26621
14066
12274
8348
18970
11592
7463
20107
7057
20870
9828
8649
7109
13078
11603
8101
11012
7443
17855
29179
21222
7745
11778
20597
11262
8329
9465
22705
7319
74963
8432
11915
8400
8196
26797
17770
8130
7783
24327
10840
8044
12349
8552
25508
11858
7900
28639
7880
17958
9765
9132
8982
8105
8363
10299
7658
15437
7845
8077
19051
13512
8155
8365
7048
17580
8359
7949
10801
7322
8860
8131
8089
40809
15878
7626
9827
15435
12938
11069
7221
7438
8067
19784
12167
7927
21645
11815
22420
10001
11997
12849
7529
22061
8363
8219
7964
7547
9308
12826
12287
13029
33616
3999
39361
3999
11872
9261
7292
13862
48521
33406
15653
24668
8124
8054
9427
6298
14064
8184
15018
8232
8218
6918
7837
23490
23519
9939
14712
12035
41790
8068
7591
3999
7204
8561
8313
7889
15630
13196
12387
7481
10221
3999
17655
7926
14703
21056
13521
9113
7660
10470
56760
53397
9546
7359
7439
35816
13037
6534
8467
13155
7854
7783
9978
26139
35228
13124
12218
14762
7835
12538
9029
37633
12944
12157
13294
26983
22038
7965
9144
6937
9124
12703
9186
12884
9473
39932
8113
9048
33778
8106
29963
9901
13964
17352
9407
13812
13432
10101
54671
19577
35193
8903
18137
13135
24667
8397
11666
23294
8083
11644
16839
9276
7965
10796
27997
12351
10980
22489
11193
18519
8245
30807
16129
8175
17638
3999
7863
7862
24325
8243
21681
8449
8108
8381
12921
29787
7583
6376
8010
17244
14222
22318
12980
