4350
5923
3007
5263
4750
4131
4076
3558
3014
4347
3499
6191
4437
3500
1999
3029
7822
5116
3003
3493
3759
5239
3000
4135
4518
1999
3560
1999
3011
4780
3008
4080
3511
3037
3022
3510
5707
4407
3853
3005
3010
4613
4105
4204
3027
5019
3004
4739
3472
4514
4240
4498
4101
2999
3845
5311
4290
4338
5630
3012
3007
5911
5821
4161
3488
6348
3487
3020
4085
3485
7666
4721
3675
4010
5822
3026
3482
3006
4264
4737
4893
5483
3037
3010
3015
3005
4306
4233
3002
3511
5125
4578
3949
4023
1999
5969
5105
4372
3005
3556
3003
3993
4211
2999
3474
2999
3518
4057
5788
4031
1999
3019
3005
3029
3498
3049
9077
3496
3011
3977
4272
4900
6468
4383
4310
3005
5852
4318
1999
3225
4876
4223
3497
3533
3788
3992
7130
2999
3691
4560
3520
9704
3000
4867
3031
2999
3504
3502
6363
5218
4461
3504
3932
4022
3971
3680
4501
4420
4220
3000
3483
4214
3047
1999
4174
4392
3494
3689
4390
3569
5593
3007
7320
2999
3492
10562
5511
4951
5463
4232
3494
3819
3830
3007
5836
4947
4047
3490
3014
4168
5648
3512
4574
3014
3795
3002
3936
2999
3814
3032
3483
2999
5732
1999
1999
5036
3048
4014
3983
1999
3647
3491
3334
3853
3000
3006
5921
4247
4225
3008
7740
3020
4490
4987
3492
5849
4397
3508
4222
3027
5289
6868
3609
5470
4075
3498
3848
3243
4301
5800
3032
3069
3025
8576
3951
4507
3399
1999
4972
3003
3000
3002
4084
3010
4437
4100
3527
3005
1999
3020
4527
3538
4296
1999
3003
3146
3004
3966
3083
9672
4192
4013
6297
3509
4295
3906
3961
5505
3113
9588
4186
4499
2999
3014
4203
4283
4058
3489
3776
9464
4303
3006
5595
3492
3021
3002
3009
3032
4195
4179
3538
4203
5066
4315
4745
4117
3498
4603
4655
3540
3038
3494
4724
3497
3850
3003
3002
3767
3491
3507
3041
2999
4481
3010
3018
2999
3006
3497
3983
3488
3002
3803
3898
3811
3004
6489
4156
4118
5874
3013
3493
4428
4468
3009
4898
6369
3000
4653
3002
3001
4024
4109
3510
4459
3000
3001
4879
3542
3035
4006
4155
5324
3001
4048
3012
3965
3013
3010
5588
1999
3032
3946
4726
3502
3049
4475
3963
4562
4083
3956
3014
3524
3019
4506
2999
4348
5999
4032
3476
5677
3010
4117
3005
3160
3000
3510
3488
5296
3027
4145
3011
4160
5008
3796
1999
3535
3487
5851
5639
4191
4460
5789
5536
3497
3010
3515
3730
3989
3013
3004
5048
3625
4096
2999
3769
3002
3574
3016
3014
3020
3484
3053
4610
6323
3001
5686
4064
4259
3014
4950
3517
8038
3010
3491
3007
4584
3034
3489
3514
5522
4404
3865
3005
1999
3000
3014
4336
5549
8685
4407
4024
3554
3009
3000
4232
3038
3060
4642
3996
3827
1999
3016
5165
3002
2999
2999
3493
3001
4238
3011
3511
3684
3100
3997
7769
5251
4057
3494
3013
5084
3485
3552
3041
3974
3000
4026
6204
3001
4416
3022
