3565
1615
1937
2816
3427
2462
2943
1761
2991
3720
1947
2281
3531
2841
2174
3100
2672
2145
2295
2006
2452
2363
2807
2411
3511
2358
3217
2622
3268
2536
2030
3100
2003
3039
2085
2912
2286
3432
2593
2179
2768
1965
2652
3003
2704
2048
2351
2831
2776
3694
2351
2651
2540
2911
2270
3698
2641
1657
3125
2502
2946
1642
3256
2211
2155
2521
2276
2408
3836
3192
4096
2232
3061
2450
2316
2134
2030
2854
3069
2989
2078
2564
2160
3034
2056
2846
2450
3385
3713
2255
2739
3233
2927
3305
2880
4108
2177
3545
2375
3496
2252
2046
2636
1630
2725
2704
3834
3186
2491
3299
1536
3258
2692
1854
2638
2155
2578
2947
3111
3098
2120
2850
1923
2200
2296
2301
3818
2762
2271
4199
1936
3159
2801
3335
4012
4387
3443
3450
2252
3545
2004
3495
1813
2303
2383
2989
2658
3346
2932
3019
1839
1860
2487
3442
2218
2981
2213
2579
2443
2734
3072
2245
1946
2984
2184
2318
3733
2419
2281
2059
3657
1985
4044
2129
2162
2575
2172
1821
2879
2393
2392
3161
2425
1708
2412
2325
1796
2084
3289
3359
2573
2038
2131
2137
2172
3462
2731
2684
3211
2458
3978
2081
3551
2001
2245
3087
2310
2804
2206
2754
2311
2820
3035
2920
2325
3049
2844
3265
2437
3473
1759
3297
2106
2118
2627
3102
2944
3405
2265
1987
2564
2634
2757
2984
2580
2378
2752
2369
3465
1717
2927
2394
1904
3554
1818
3231
2617
1838
3136
2575
2356
2720
2810
2565
2188
3103
2852
2622
2407
4122
1978
2718
2623
2833
3250
4930
1990
2106
2701
3650
2558
3485
2561
1878
4519
2399
999
3250
2522
1936
2655
2970
3146
2702
2694
3093
3469
2890
2509
3486
2082
2939
3374
2673
1849
3031
2948
1747
3620
2972
2408
1909
2703
3151
2383
3113
2844
2513
1947
2243
2728
3818
2859
3531
3269
2841
2975
2608
3570
1884
3154
2017
2977
2506
2263
3435
1716
1990
2040
2434
2383
2744
2460
2838
999
1812
3317
1655
3060
1838
2379
3001
3275
2689
2796
2397
3088
2700
2451
2584
2170
2370
1737
2051
2231
3260
2558
3063
3089
1926
2085
3744
2744
1907
3710
2722
2732
2617
2831
2369
2045
2916
2594
3618
2016
2585
3094
3079
3510
2392
2827
3067
2914
3085
3059
2977
2534
2346
2547
3487
2515
2852
3681
3294
2765
2287
2944
3047
2334
3899
2161
3241
2409
3476
1970
2755
2063
2024
2957
2445
3404
2512
3039
2744
3706
2025
4699
3444
2374
2161
2298
2476
2620
2639
2249
1941
2768
3079
2586
2834
2127
2858
3278
2652
3082
2150
2514
4236
4119
3073
4612
2420
3040
2670
5110
1835
2145
3432
2362
2212
2767
4293
2601
2384
1942
2565
3630
2106
2629
2524
2272
3276
2724
3261
2361
2611
2713
2539
2217
3486
2550
2765
3511
2539
2576
3922
2599
2232
2027
2224
2438
2952
3508
2819
2117
2361
2248
3313
2266
2311
2028
2092
2659
2289
3073
3800
1990
2436
2346
2016
