8132
7690
9356
8279
8060
11916
5434
9972
7303
6444
7195
7102
7734
8892
10261
8208
6114
5024
5291
8167
11810
10109
13623
9931
5783
8194
10226
10666
9028
6295
6722
7100
11277
8220
7423
7787
8018
6855
8610
9159
7922
11347
5142
7180
8501
5285
10511
7144
6875
6713
5897
7722
10565
8693
8506
7429
8782
7421
10056
9706
8260
8956
7835
8788
6870
10134
9330
6553
12777
6277
7768
6533
9096
6090
6179
6251
5835
5818
7097
7558
9768
8785
6405
10970
6072
7335
9471
6074
9720
5574
6551
6677
8767
8771
8866
6218
6645
6826
5892
7174
7184
6997
8395
10236
9454
11942
9824
6168
5478
5704
7656
6980
10018
7610
9279
8197
7973
8685
6218
4986
6081
9724
7526
6770
6399
11844
6684
7777
8890
7778
5383
5641
9613
9587
8735
6223
6070
6851
6712
6332
7131
11701
5861
6426
8014
8499
7059
8268
8043
10480
5795
10135
6428
9652
7060
7067
11244
10676
8839
6767
9158
6321
6795
6250
9946
8284
7226
9408
7550
5083
9961
8551
5102
6912
9611
6106
6782
7393
7150
7320
7515
9116
7356
6810
5897
8437
6539
5233
13444
9111
7129
7492
9308
6001
9184
6303
6422
8166
7722
8977
7031
8305
7553
9405
6585
5713
6743
11764
7442
5033
10353
6586
5758
6736
9442
6821
12431
7749
8460
8019
8199
6355
7532
6918
10522
6553
7099
10133
9335
13558
9558
6781
11215
8505
7983
7949
6679
7295
5899
9012
9930
6559
11454
10290
7421
7155
8426
8748
8612
5637
5730
6895
9485
8276
7102
10157
5942
7857
8141
13234
10914
10451
9986
8617
6577
8113
7817
6840
7786
12255
7952
5717
8587
8405
5437
4987
10430
5913
10168
8735
9617
9218
8010
8534
7161
8683
10115
8364
10121
7717
6977
6278
7503
5646
9044
8767
10003
13781
6532
8043
5587
6117
10818
8656
6523
9068
6274
6080
7786
7404
10622
7832
5738
8718
7861
7130
6804
6018
8317
10583
7135
8102
8287
7484
14401
5581
7130
6427
8418
8354
10100
6624
5430
9044
11571
7228
6586
9941
7890
8218
10244
6658
8800
7792
9307
13247
6765
5134
8461
7458
6699
9728
5413
9078
7107
7453
8911
9696
9457
6235
10333
6457
10347
6924
6849
5795
9261
7990
8546
8197
7623
7296
7265
8047
8266
7520
9232
12963
8893
5850
7710
6908
5935
6233
8292
11522
9023
10598
7548
11088
11011
9147
11379
6344
6543
10506
8704
5266
6325
5515
7031
7025
8106
5847
4939
7128
7364
6624
8932
5828
6239
6849
9563
9392
6628
9711
6525
7117
10244
6693
10070
8811
7893
9352
9460
6610
10147
12669
7769
7026
7249
9424
7005
9703
11106
9975
10435
8414
7507
4957
6913
7136
8133
6800
10057
11899
8694
9928
6478
8332
7467
8934
9504
8990
6728
6599
9014
10204
10993
8448
9453
9400
7729
8356
7146
5931
8176
7639
6446
9702
7750
8898
6035
5095
13147
6986
7154
9458
8217
8262
9126
6972
7063
8232
7453
11176
6523
5643
14916
8524
8034
8521
5835
8401
10311
7194
10173
10472
8861
7224
