12230
6977
7756
8654
13232
11567
18444
8979
12880
11614
8907
7958
13186
15778
9507
14402
8835
13658
12104
8589
12603
8683
10010
13600
16162
12941
10129
10990
8097
13577
9866
8778
7716
7423
6271
13213
12740
9204
7436
10782
8740
9902
9112
12140
7922
8116
11620
11634
8014
11273
8511
8182
8692
9965
7811
9358
13061
9471
18729
14003
11702
10950
8684
13326
11313
10640
10218
8227
8213
8745
11737
8727
9206
9131
12693
13215
11892
8798
13523
10587
10013
9701
11670
10052
13415
9662
8836
9758
10394
9565
6810
9736
6878
9299
9780
9435
14057
7575
13500
13166
15372
9929
14740
10146
11063
10057
9949
10428
15676
14692
9638
8448
12278
8548
10382
11481
12633
9021
11261
6263
9964
15560
10619
14330
11144
9733
6634
9768
9676
13271
8902
10372
8074
9337
15302
8008
9867
10381
10355
7474
7823
13915
10290
9970
12005
12020
12565
14929
8551
13582
10583
12205
13487
10902
7900
9404
10948
13369
15519
9274
10893
9413
14758
11114
14650
13533
13862
10844
11628
7399
8494
7781
14238
13955
8032
16950
12646
7192
8300
15967
11604
14687
13446
15975
8795
7731
10573
18201
7127
16409
11505
10602
11248
8497
17078
8458
11898
13283
9969
10537
10146
9706
13034
8286
7311
10819
12476
9037
12241
11044
13163
10249
11699
9284
9920
8747
9832
9368
8221
8993
14121
10915
14064
8823
11796
12443
12288
10173
10420
3999
12712
15728
13271
11557
9964
12640
10867
7593
9547
7897
14744
11708
11213
7950
7521
11046
11719
11977
13814
10303
16739
18735
10371
11412
6897
9098
11262
14104
7190
14088
13494
16182
13115
8544
6532
11300
16398
14240
6839
10999
11030
12138
15672
11924
12398
10334
11686
7473
11370
11183
11271
11123
9370
11193
8354
8356
9803
7459
10822
12821
11307
10551
10555
8747
14481
10093
11050
11395
10045
10267
14586
11345
14924
7397
7858
11320
15453
13185
8839
10161
12480
11011
9759
11856
12942
8187
12941
8378
11960
13358
9591
11173
7276
9315
8949
11442
8540
13708
10421
14358
22775
12661
17249
6901
8952
9357
17863
7034
8697
9450
13713
13726
12462
8274
8969
9761
11144
8741
6458
10454
8649
8359
8788
8098
11213
10949
13577
8368
8233
9268
16344
8237
9208
11191
8171
12077
9558
9670
10423
18066
9667
8788
12719
12409
9451
10397
9555
10181
9094
9555
10254
7611
12804
8941
7412
16496
11527
10248
14696
10780
16955
13804
8251
10389
8405
10854
13862
11663
7930
14704
9701
16394
11460
10351
14601
9304
12298
13888
10851
9110
7650
11145
11867
7483
16272
7384
9714
13805
8973
10890
11391
9424
8996
9648
8616
8602
7896
11766
8527
12440
8970
8803
11880
11607
8350
16761
12076
10984
13698
9166
16072
11541
9752
11439
9896
13885
10020
14889
9477
11760
9367
13872
9618
12933
9442
12832
8507
6849
12185
10551
12037
7938
10471
9423
11691
9069
10135
7308
10015
9050
7515
14560
10493
15495
14142
11646
10034
12371
9080
9075
9118
12543
10629
9962
10550
15963
7256
9305
9579
10299
12090
10331
11012
12264
9164
11780
7754
11663
10144
12415
