4502
4461
4449
4553
7398
5150
4627
9255
5221
5905
5522
4007
5824
7566
5428
8865
5873
6306
5189
6044
8933
3979
6936
7085
7020
4970
7460
4382
4527
5867
5213
5671
5117
5401
4765
6249
5631
4233
6436
4337
6770
6103
4983
5140
7142
4828
3867
4195
5538
4239
6966
5936
3315
3662
3790
6985
5088
4905
6240
6105
4565
4238
4138
6104
6728
6932
4635
5977
4150
6750
6402
5815
4254
5485
4855
7313
5976
6784
6903
5190
3581
7769
3737
4241
5291
5512
4609
4391
7760
8255
5934
5100
5692
4395
5843
3900
5490
3928
4049
4964
5761
6168
6089
5301
4910
3556
4729
6136
5879
5499
5797
5407
4886
4108
5843
4612
3478
4016
6265
5551
6784
4394
4202
4392
6562
4037
4655
4952
4460
6977
5399
6431
5539
6474
5931
6148
5417
4676
6177
4919
7635
8618
8884
8061
6533
6503
6475
5644
4326
7541
5906
7353
6244
4845
5687
4794
6965
6338
8119
6594
6927
4875
5070
6054
4784
6471
5740
8364
5792
7472
4776
6715
6951
6390
5035
3924
5853
5707
5104
4175
6703
6012
6231
4408
5616
6570
4074
4653
5772
3895
5011
6212
4976
5849
4693
3723
1999
6352
4876
5340
3553
5537
5308
4652
5868
4712
6698
7321
4620
4604
5606
4717
3917
6349
5231
6847
3838
6177
8071
4507
6822
7028
5137
5547
6534
3969
5356
5352
6716
4857
3904
5615
5919
6647
5946
6245
4118
6413
5566
3936
5620
3690
3574
3724
6826
5350
5687
3814
5515
4153
5391
6788
5800
5017
4062
5245
5803
4620
3642
5609
6282
4224
3995
5436
5821
4130
5408
5308
5971
5970
5254
5942
4698
4795
5602
3760
5076
6531
4233
4763
8906
5462
6281
6074
4648
5849
4757
5246
6719
5082
5844
8494
6121
4344
7100
5021
8086
5316
7145
7101
5544
7608
4904
4774
3924
5624
4867
4119
5320
5424
3891
7881
4884
5407
8239
5822
4620
6161
4898
5111
5788
5049
5902
6257
6385
4159
5975
6690
6504
5540
7401
7010
4925
5026
4880
5386
4628
4889
6050
6439
3933
7101
4087
6153
5051
7213
7652
5383
4054
6300
5884
5570
3713
6892
6505
5412
4924
4151
6078
4156
4416
5428
5971
4072
6506
5537
6596
4320
5899
7962
4485
6480
4294
6064
4571
7295
4532
4321
4010
6140
6559
5857
4464
5812
7096
4072
5289
5716
3991
4306
5918
5249
5104
5625
4631
4591
5237
4397
4204
5041
4773
3506
3971
8029
5345
6089
4173
5259
3485
3761
4686
5167
8831
4164
6963
4726
7233
7321
4964
4661
4598
5569
5909
4369
5012
6598
8140
6306
4577
4607
4557
3229
5780
5933
6030
5752
7410
6205
5373
6347
5259
6895
4203
7630
4225
5211
6592
4828
6547
5892
5098
5587
3704
4526
6320
7079
4783
4251
5712
8388
4944
3797
5663
4560
4782
3313
5620
6524
4049
5199
5213
5434
5406
5550
6436
7610
6692
9415
5096
4390
4524
5301
7681
5822
5879
3187
4789
6910
4346
8170
6749
5000
4328
4162
6604
7352
4449
5580
5494
3481
