5854
5167
4687
5496
5424
5355
6015
5779
4565
5348
3931
4959
4999
4432
6375
3943
5508
5724
5498
4131
5332
6198
6531
4834
6824
8211
6033
4572
4651
6276
5810
5576
4752
6286
7690
5402
5957
4556
5694
5977
5612
4703
5966
5009
5204
5094
5039
5841
5778
3408
5287
5613
5101
5730
4590
5471
6008
4511
5397
4767
7803
6897
5762
5431
5786
4782
5410
5604
8965
4725
5648
6279
4881
5253
5416
4861
5962
5814
5971
4499
4020
4917
4519
3644
5527
4954
5066
3540
5093
5843
5378
4810
6236
5389
5049
5069
4931
4689
5490
5199
4027
5972
4690
5811
5089
5772
4629
6717
5530
3371
5947
3305
5586
5460
5637
5566
3972
5693
4526
5836
3599
4509
5748
4753
5640
5696
4736
5406
4649
5026
5053
5214
5243
5474
4703
4614
4883
6993
5655
4755
3770
5798
4821
4958
5653
5795
5530
5142
5070
5421
5508
5608
5691
5856
4680
4946
4829
5126
5402
5010
4541
4796
5343
4597
6005
4770
5535
4567
6044
5174
5280
5360
6567
5345
3268
5551
4540
5519
5418
4820
4822
3706
4561
5544
4783
5129
5291
5843
5976
4591
5629
5423
5358
5756
4716
5959
5683
3027
4797
3893
5928
3209
6094
4648
5277
5393
5914
5104
5618
5697
4864
5595
5334
7413
5231
4626
4921
6020
4923
5856
4959
5948
5960
4845
5548
5330
5244
5142
5429
6151
6311
4895
5526
5932
5851
5770
4623
5537
5000
5145
5710
4511
5521
4562
5098
5316
3710
4964
6830
6032
5201
4609
5994
5031
5701
4597
3067
4992
6239
5641
5306
4950
6610
5398
5795
4887
4551
5412
5067
4753
4722
6117
5264
5710
4613
5763
3421
5408
5378
6220
4479
5695
5309
5033
5822
5758
5132
5616
4648
4920
5860
4865
5698
6378
5666
5398
5252
4649
5396
5626
4804
5240
5950
4678
6250
5646
5552
5612
4498
5905
4904
4549
5524
5010
5323
5494
4975
3252
5488
5210
6284
4545
3947
5135
5368
5825
5189
3377
4931
5964
5283
7090
3584
5079
5935
4848
4720
5161
4797
5396
5957
4720
5154
4909
4727
3312
3869
5727
4646
3951
5795
8520
4962
5105
5360
7118
5177
5689
5527
4583
5302
5147
4831
4539
5861
5707
4606
4893
5213
4856
4875
6215
6038
5012
5597
6065
5817
5971
5244
5099
5913
5612
5279
5426
6192
4861
5472
5809
6343
5152
5580
5171
4967
3236
4778
5917
4665
5825
4657
5650
4620
5206
6524
6134
5568
5275
7425
5226
7056
5996
4526
5573
5584
4788
4837
4336
5184
4970
6579
5698
5006
4679
5573
5293
4905
5292
5043
4613
5689
5737
4711
3060
5308
3338
5792
4814
4838
5726
5773
4838
5282
5792
3969
7471
4637
5611
4983
5479
6094
4736
5325
6195
5019
4574
5829
5773
4876
6150
7181
3873
5881
3208
5423
4562
3573
4900
5611
6592
5358
5237
4678
5664
6189
5066
5650
5728
3796
4520
6013
3243
4725
4631
6569
4688
5609
4597
6134
4144
4929
4772
5782
5911
5275
4516
4705
5663
5607
4583
5334
5273
