5719
5464
5383
5514
6039
5635
4943
4897
5894
6001
3135
5721
5670
6133
5060
5967
5474
5637
5148
8102
6016
5815
4512
4314
4634
7560
6030
5843
5425
8421
3075
4630
5532
4753
4644
5351
4147
4027
4801
5906
6038
4602
3197
5520
5840
5393
6510
4935
4831
5306
6146
4978
4574
5366
5091
5746
5656
6152
6457
5654
5120
3168
5265
8173
6237
4886
5506
6075
5949
4594
6093
5629
5761
5885
6379
6913
5977
4734
5801
5690
5349
5284
5649
6762
4810
4681
3269
4508
3444
4466
5359
5647
4681
5917
6034
5295
4996
5057
4690
5866
5718
5340
5752
5546
4670
4816
5435
5700
5797
5806
5795
5920
5272
5442
5325
4507
6086
5224
3808
4815
4784
6832
6033
5666
7441
5406
5985
4785
4657
5630
5000
5520
5657
5848
5458
4791
5962
6091
5702
5844
5373
5627
4851
5577
6120
5231
5767
5492
5583
4056
5659
4745
5448
6234
5388
4580
5475
5778
5435
4921
4804
4881
5945
4154
6981
5356
5244
4967
5513
5983
5935
3748
5447
4693
5932
5761
5524
5714
4512
4713
4505
5045
3027
6016
3675
5550
7261
4903
5617
5543
5616
5724
4542
5864
4839
5476
7151
4820
7551
4803
5172
4601
5694
5973
6068
5686
6556
5248
4661
5533
4195
7277
5895
5425
5595
4595
4230
5589
4775
5407
5826
5317
5474
6108
5839
4351
4676
6236
5854
5618
6198
5402
6117
4485
5409
6249
5436
5770
5217
4742
5670
5003
6370
6082
5342
4160
4598
6163
5673
4914
3830
6120
5349
6964
5546
9779
5407
4673
4505
5856
5559
3466
5583
5617
6071
5412
4436
5972
5766
5810
6293
5662
5669
4589
8564
5593
4745
5570
6120
5443
3187
6544
5395
5214
5419
6174
5777
5580
5729
5460
6069
6108
5755
5957
6279
4565
5924
5748
5768
5603
7238
5046
6507
5219
6163
5367
5603
5621
4697
4639
4844
4842
4506
5999
4720
4490
5013
6906
4186
5701
4601
5772
4888
4706
4783
5537
6092
5120
5362
5474
5638
5126
5966
5687
6006
3021
5040
5355
6864
5433
5717
5638
4976
5406
5452
5694
5808
5556
4970
5462
5739
4757
5489
5381
4882
5001
5294
5850
5346
4828
5333
5432
4602
6124
6188
6070
6985
3080
5953
5425
5124
6040
5639
4673
6204
5538
4893
5965
5866
6148
4981
7480
4913
5240
6249
5505
4730
5165
5911
5895
5768
5165
5683
5682
6224
5650
5297
5898
3901
5943
5415
5307
6079
4586
5588
4820
5488
5861
5522
6140
5445
6152
5779
8043
5749
3757
5896
6078
5563
5621
5873
5997
6322
5475
5192
5798
5553
5208
7134
5801
7763
3687
5069
4840
5838
4125
5712
5186
5555
4847
5525
5789
5547
5166
5671
3970
4757
5587
5253
5268
5745
5737
6111
5131
5028
7211
6169
5531
6050
5601
4924
4129
5203
5005
4965
6109
7635
5792
5180
5439
5429
5085
5486
5889
3765
5616
5874
5154
5750
5905
5362
5885
5006
5195
5064
5172
4868
4752
5020
5733
6027
4963
5066
5569
5426
5293
5376
5305
6702
6218
