1990
1564
1536
1828
2038
1671
1723
1946
1171
1699
1892
1650
1803
1608
2041
2572
1513
1720
1620
2117
1672
1504
1061
1491
1697
1609
1458
999
1817
1656
1714
1811
1459
2155
1951
1703
1111
1090
1819
2128
1610
1592
1655
1677
1962
1045
1463
1716
1786
2003
1588
1936
2313
1641
1916
1459
1726
1560
1739
1614
1773
1435
1896
1525
1710
1925
1762
1530
1685
1948
1650
1970
2072
1513
1931
1978
1796
1833
2855
1592
1900
1866
1769
1550
1859
1767
1105
1696
1932
1730
2052
1500
1817
1831
2039
1872
2198
2018
1656
2025
1827
1995
1836
1733
1644
1611
1951
1559
1812
1660
1176
1655
1611
1574
1689
1816
1248
2046
2042
1645
1965
1686
1791
1925
2040
2730
1687
1907
1509
1681
1836
2126
1745
1515
1992
2055
1893
1750
1991
1671
1810
1976
1868
1130
1786
1522
1865
1542
2311
1645
1547
1634
1816
1503
1781
2670
2048
1972
1975
2030
1750
1793
1692
2038
1667
1650
1970
1956
1684
2007
1709
1684
2363
1558
1503
2163
1999
1548
1717
1694
1729
1548
1924
1761
1844
1591
1719
1430
1736
2173
1920
1680
1641
1582
1639
1497
1777
1863
1836
1902
1535
1765
1896
1960
1716
1816
2131
2010
1683
1858
1715
2032
1535
2018
1584
1825
2437
1508
1985
1809
2010
1885
1567
2028
1155
1760
1575
1913
1944
1694
2609
1618
1441
1608
1630
1517
1902
1897
1774
1702
1237
1799
1714
1517
1794
1594
2513
1606
1636
1977
2141
1690
1912
1597
1568
1735
1795
1772
1671
1866
1207
1023
1033
1523
1792
1961
1618
2213
1963
1848
1005
1700
1812
1571
1713
2208
1829
1608
1790
1936
1606
1662
1624
1827
1817
1453
1528
1531
1685
1727
1764
1520
1744
1894
1623
2153
1732
1846
1906
1824
1057
1539
1135
1997
2012
2082
2530
1064
1655
2209
1807
1804
1913
2194
1558
1783
1204
1624
1980
1726
1659
1362
1567
1969
1609
1861
1496
1213
1975
1746
2010
2072
1703
1826
1761
2058
1420
1095
1710
1769
1573
1511
1199
1576
1911
1653
1576
1706
1797
1842
1644
1875
1625
1289
2073
1955
1776
1784
1704
1760
1993
1925
1720
1686
1567
1800
2343
1244
2022
1755
1840
1798
1954
2290
1682
2516
2001
1773
1857
1500
1647
2408
1278
1853
1572
1765
1234
1732
1868
2011
1504
1609
1537
1546
1899
1805
1816
1373
1585
2789
1591
1644
1825
1784
1923
1545
1496
1518
2021
1748
1650
1848
1865
1212
1965
2008
1951
2040
1614
1860
1745
1960
1659
1951
1526
2409
1654
1985
1869
1980
1538
1671
1551
1948
1728
1585
1723
1577
1853
1819
1577
1834
1577
1949
1698
1898
1730
1411
1574
1898
1874
1936
1188
1570
1464
1634
2093
2533
1751
2016
1921
1811
1602
1697
2038
1794
1800
1544
1567
1964
1670
1959
1152
1328
1732
1767
1516
1854
1598
1876
1550
1727
2045
1906
1810
1772
1984
1627
1890
1715
1776
1604
1726
2009
1720
1674
1418
1951
1942
1125
