3266
4548
3420
2445
2574
3157
3163
4021
3887
3514
3156
4694
3083
3909
3022
3460
2113
4935
3926
3842
3677
4592
3161
3301
3029
3164
3861
3524
3921
3166
3288
3391
4063
3433
3969
3772
5004
3837
3674
3302
3550
3210
3381
3335
3797
3054
3519
3503
3064
3214
3431
2802
3279
3330
3923
3062
3221
3350
3041
3288
3841
3068
4365
3412
3533
3534
3918
3450
3170
3921
3955
3214
3348
3229
3337
3987
3731
3272
3245
3212
3100
3699
3460
3824
3637
3205
3372
3446
3855
3939
3109
3797
3818
3533
3517
3033
4088
3435
3006
3945
3399
3863
3499
3773
3298
3778
3542
3689
4855
3174
3258
3104
3673
3363
3793
3682
3932
3614
3633
3129
3407
3043
3871
3582
3360
3422
5190
3252
3466
3809
4259
2829
3539
3724
3290
3527
2148
3202
3593
3433
3551
3849
3874
3011
4063
3457
3780
3582
2455
4087
3296
3738
3577
3089
3081
3610
4062
3285
3914
3098
3920
3653
3129
3314
3770
3275
3598
4072
3567
3508
3406
3620
2532
3184
3775
3823
4302
4081
5669
3349
4036
3476
3523
4014
3140
3851
3228
4022
3658
3231
3071
3603
3286
3944
3017
3363
3213
3346
3441
4031
3661
3543
4074
3213
3577
4498
3763
3957
3651
3476
3032
4093
2946
3574
3016
3978
3507
3288
3389
3053
3396
3149
3006
4298
3646
3908
3237
3936
3387
3305
3031
2556
3814
2405
3422
3644
2892
3572
3099
4152
4069
3828
3011
2156
3108
3385
3912
3335
3343
3516
3720
3587
3278
3537
3286
3267
3567
3132
3424
3327
3436
3927
3310
3538
3158
3745
3702
3313
3896
2211
3366
3198
5089
3847
3039
3047
3178
3620
3166
2273
3270
3327
3170
3217
3459
3836
3877
3285
3527
3945
3295
3786
2133
3624
3619
3037
3403
3024
3405
3160
3677
2742
3197
3902
3766
3198
3592
3917
3225
3939
3396
4322
3750
3759
4088
3187
3056
3770
4000
4012
3451
4573
3656
3834
3345
3542
3577
3763
3673
3936
3895
3889
3972
3726
3219
2387
3451
3294
2551
4395
3735
3457
2840
3921
3124
2405
4093
3947
3944
3100
3180
3309
3474
4154
3824
3019
3014
3920
3674
3096
3426
3631
3414
3151
3728
3591
3709
3545
3726
3721
3231
3098
4087
4170
3953
3053
3055
2996
3421
3170
3735
3610
3987
3618
3807
3483
2801
3127
3428
4903
3035
3316
3321
3127
3788
3454
3997
3529
3154
3361
3392
3423
2801
3350
4043
3750
3562
4400
2259
3203
3854
4602
3018
3753
4079
3826
3165
3223
3865
3824
3244
3803
3158
3415
3666
3022
3577
3907
3025
4044
3532
3358
3342
4139
3533
3349
3485
3294
3483
3524
3899
2248
3080
3857
3506
3710
3049
3757
3658
4115
3567
3481
3295
3030
3376
3183
3330
3019
2285
3388
3207
3775
3240
3941
3829
4036
2980
3329
3098
2801
3351
3961
3660
3396
3200
3158
3892
3802
3387
3451
4093
3811
3856
3088
3845
3076
3526
3817
3678
3246
3859
4110
3843
3073
3626
3175
2973
3455
3948
3377
