1889
1678
1957
1638
1082
1842
1839
2009
1554
1988
1531
1530
1967
1933
2058
1713
1690
1558
1668
1709
1537
1920
1479
1889
1666
1643
1503
1739
1868
1801
1934
2077
1983
1771
2258
1478
2021
1857
2280
1953
1852
1927
1981
1996
1867
1622
1754
1843
1764
1778
1918
1832
1801
1864
1548
1639
1662
1857
1715
1688
1818
1929
1880
1186
1982
1926
1908
1861
1207
1763
2084
1513
1763
2004
2648
1611
2101
1894
1531
1784
1764
1571
1783
1598
1968
1867
1947
1818
1737
1818
1527
1783
1786
1772
1029
1697
1766
1697
2071
1992
1513
1566
1813
1689
1513
1956
1822
2634
1960
1816
1887
1580
1047
1986
1928
1849
1911
1204
1306
2010
1957
1737
2277
2782
1631
1787
1893
1878
2037
1907
1564
1733
1901
1961
2011
1999
1853
1635
1907
1866
1952
2189
1864
1654
1681
2053
1512
1889
1938
1649
1588
1830
1863
1832
1700
2279
1616
1753
1638
2005
1800
1760
1783
1742
2454
1775
2041
1614
2010
1787
1759
2006
2024
1908
2207
2014
1061
1552
2039
1948
1773
1751
1600
1902
1820
1736
2003
1546
1991
1874
1538
1354
1959
1568
1623
1776
2041
1902
1849
2028
1887
2008
1640
1829
1852
1806
1704
1422
1521
1938
1795
2017
1951
1661
2012
1540
1991
2008
2325
1714
1508
1586
1978
1664
1868
1834
1575
2245
2081
2707
1885
1991
1826
2054
1837
1928
1849
1759
1623
1893
1995
1777
1661
2089
1979
2597
1994
1613
1779
1534
1854
1765
1763
1497
1650
2727
1999
1939
2016
1866
1507
2009
1689
1689
1941
1821
1646
2050
1752
1779
2023
1748
1639
1538
1965
1898
2955
1924
1793
1514
1670
1845
1491
1498
1271
1941
2001
1854
1594
1855
1757
1793
1857
1805
1924
1896
1918
1809
2049
1687
1637
1972
1904
1796
1971
1762
1788
1798
2030
1928
1743
1614
1500
1848
1891
1973
1211
1835
1691
1904
1928
1740
1516
1671
1594
1788
2096
1934
2124
1921
1887
2006
1838
1511
1616
1929
1538
1707
1608
2234
1747
1884
1839
2031
1530
1952
1623
1794
2722
1836
1722
1404
1830
2000
1938
1633
1820
1572
2005
1534
1822
1724
1725
1988
2055
1861
2039
2163
1995
1848
1672
1751
2529
2019
1829
2023
1683
1642
1923
1981
2047
2011
1926
1630
1880
1811
1548
1843
1937
1917
1990
1978
1900
1795
1590
2044
1163
1687
1654
1808
1935
1616
1914
1820
1919
1471
1798
1504
1569
1664
1563
1030
1161
1863
1253
1611
1784
1929
2190
1955
1941
1738
1979
1675
1858
2353
1417
1877
1626
1869
1573
1331
1896
1666
1827
1991
1982
1522
1746
1572
1987
1726
1864
1506
1596
1838
1524
1601
2601
1729
2028
1528
1938
1751
1831
1995
1855
1884
2046
1774
1919
1405
1934
1505
2029
1832
1902
1795
1908
1769
1905
1658
1643
1744
1869
1944
1708
1667
1840
1623
2012
1533
1747
1677
1920
1906
1432
1741
1810
1776
1549
1498
1893
1683
2479
1729
1605
1264
2067
1783
