7336
4981
6578
6659
6805
6062
7260
7327
6782
6972
6080
5324
7290
6555
7874
7409
8232
7312
6679
6022
6595
6617
7631
5713
6080
4374
6093
6552
4102
6217
6071
7074
6773
7479
6853
6553
9048
7095
6931
7826
5842
6642
8541
6325
7982
6554
6418
7120
7065
7392
6882
9190
8911
7381
7738
6386
6627
6716
7356
7198
4902
9591
6100
6315
6578
8268
6886
7729
7362
5058
8113
7048
6749
7792
6125
6528
7327
7508
7988
7117
7732
7905
7225
6094
7146
7624
7200
7308
7395
7519
7311
6376
7858
7847
7883
8114
8078
7762
6261
8391
6623
6357
4284
6033
6375
6958
4715
6525
8577
6336
6572
7372
8491
7879
6675
7934
12226
6993
8435
6188
6429
5664
6724
6166
7238
7488
6180
6123
10493
6522
7121
7430
7054
6340
7771
6499
6647
8157
6702
5894
4508
7579
7259
6663
7556
5399
6591
8096
4965
7024
4267
7898
7058
7463
9722
7387
7548
6159
6974
5233
4870
7132
7941
6973
8742
7706
7336
8117
7372
7683
5994
7959
8072
7604
6367
7335
7868
6884
6854
7384
6585
7936
7378
6994
6809
6284
6315
6489
6200
7333
6250
6288
9589
7628
8290
7718
6121
7802
6828
6856
7698
5990
6109
5199
6951
7551
7521
7485
7028
6403
6046
6707
6071
6322
6050
7189
7642
7721
7078
7000
6068
6995
7259
7116
6243
6050
6016
7899
8534
6566
7927
7484
7207
4448
8013
6424
6862
7839
6660
6961
8017
7905
6507
8226
8130
8916
7079
7327
6055
6386
6066
8435
6449
6997
11394
7838
7571
7359
6347
9320
6680
7946
7812
8153
5861
7792
6439
6745
7316
7701
4471
6979
6036
7227
6244
6505
6374
6498
7255
7482
8627
7380
7381
7579
7845
9357
6410
6831
7114
6413
7868
6202
8119
7965
7326
6305
9888
6449
7714
7517
6715
6529
7144
7448
9513
7340
6894
7752
7254
6771
6707
7412
9683
7364
7664
6600
7139
7783
7772
7111
10088
7908
7255
7456
7605
7221
7062
6055
5270
6166
7856
7428
6143
7681
7690
6997
8775
6127
7172
6961
7643
9934
7029
7480
6334
7843
7821
6409
6560
7747
7970
7322
8801
7660
6692
8203
6111
6453
6094
6707
8205
6263
6380
8242
6880
8013
6233
6415
6319
6867
8053
6233
7105
6992
6411
8107
9067
6855
6932
8947
7500
7737
6422
7369
6273
6839
6462
7064
6565
7567
6325
7310
7624
7043
7078
6232
6535
7380
6634
5945
6228
4255
7806
6177
6317
6340
6596
6905
7740
6311
7544
8117
5882
6016
7499
6567
6115
6474
6785
7682
6528
7931
7213
6934
6177
4095
7702
7699
8324
5966
7490
7846
8327
7298
7229
6873
7321
7544
9412
6941
8069
6441
7217
5504
6893
5389
7725
7774
6531
7496
7649
6088
5993
6335
6653
7825
7861
7433
8161
6619
6157
6935
6067
6922
7647
7698
10655
7379
7323
6894
7656
7718
8042
9315
6103
6454
6646
7901
8225
7468
5435
6416
5837
7025
6724
8690
7841
7685
6345
7203
6748
7278
7187
7050
6832
6427
7479
6136
6547
7347
