7890
7054
7718
7066
8227
8081
7881
7726
7640
7563
7483
7508
8993
6908
7875
4968
6398
6512
6507
7852
7560
6466
7567
6116
8211
7530
7252
7658
6958
6275
7762
7789
6025
7042
8204
7171
7311
4126
6836
7655
8046
6338
6322
8297
5134
7349
9416
7053
7633
8104
7722
9266
6426
7279
7581
8240
7361
7613
7973
7148
6364
7776
7305
7418
9506
5486
8160
6365
9016
7530
8057
7197
7549
6073
7387
8181
8048
4506
7796
6220
8100
6341
7465
7577
8004
6263
8222
7085
9635
7705
7859
7062
7138
7542
7481
6151
7019
8125
8197
7036
7011
8067
7882
8197
7861
6455
7977
7521
6753
7723
6246
7519
7755
5761
7432
6539
7058
6452
8316
8392
6942
6959
6530
8078
6212
6030
7540
7508
4122
7203
6605
6939
6610
6885
8221
6613
8759
7418
8503
7608
7979
10314
7031
8035
7706
6277
6225
7440
6853
7658
7885
8032
7286
9689
6014
4822
6678
6526
7348
7475
7155
7467
7508
7450
7004
6493
7663
7254
7882
6067
7674
8121
7440
9725
6367
7719
7481
7735
8142
6698
7879
7907
7223
7379
7952
8498
7980
6182
8045
7902
6581
10390
7295
7892
6112
7944
6218
5481
7384
7729
6288
7450
7384
7343
7945
7908
7998
7977
7614
8351
7642
7537
7974
8026
4123
7549
6574
7400
6258
7693
7604
6905
6934
6887
7242
7813
6538
8097
11883
8704
5898
7804
7498
5157
8094
7440
7686
6991
6371
7121
8051
7904
7293
7086
6523
8024
8015
5751
6069
7711
7300
6640
8366
7356
7768
7908
6542
7879
7102
5997
7265
6722
8059
6760
7938
8223
7421
7541
8015
7093
8086
6230
6035
7363
9600
8367
6849
6129
7489
8921
6968
7653
7737
6131
8453
4045
7742
7854
6102
7819
8790
9340
6611
6833
6932
8160
6593
8242
7219
5900
7729
7282
6349
6185
6056
7798
7248
6947
8117
8123
7518
6482
8853
7632
7547
6526
7098
7776
6143
6855
6363
7610
8039
7824
6156
7944
7838
6435
9108
7175
8136
7920
7014
8336
7883
7273
7345
6158
6196
8059
7075
7353
7977
7322
7676
7888
7849
7074
8714
6209
6663
8022
7537
8227
7755
7547
7478
6112
7903
5687
6120
5780
6297
7009
8196
6279
8414
7105
7844
6394
8189
7367
6098
6878
6424
6538
7599
7344
8623
6984
6597
6746
6039
10189
7683
6425
6144
7550
7493
7541
6326
7724
7596
6510
8237
10696
7644
8446
7689
4463
8102
8265
11307
7960
7908
8094
8083
7095
6529
8115
7963
6468
4485
7925
6425
7433
5387
6333
7091
6580
6915
4795
8660
8007
7966
6146
7497
7622
6401
7228
6772
7890
6019
9442
6588
6170
7178
7689
7907
6670
8976
8019
9731
8139
6561
4533
7104
5590
7129
7409
8949
7822
8159
6809
7359
6262
6261
6632
5998
11453
8195
6914
8124
7147
10243
8152
7916
7643
8030
7584
7172
4240
8006
7646
6903
7795
6155
7703
6049
4973
8031
6911
7874
7609
6493
6877
6169
4798
6252
7197
7637
7913
4246
7595
7833
7198
5771
10963
7034
7610
