3151
3792
3920
3553
3231
2008
5115
3945
3236
3425
2323
3179
3879
3692
3707
3641
4050
3810
3365
3640
3871
3216
3725
3817
4087
3791
2386
3524
3612
4036
3178
3563
4463
3743
3702
4004
4053
3349
2917
4061
3853
3541
3674
3025
3981
3783
3904
3261
3659
3852
4078
4049
3968
3688
3675
3237
3474
3192
4076
3683
3598
2653
3458
4900
4019
5980
3293
3814
3781
2491
3204
4081
4010
3179
3603
3833
2265
4076
3162
4000
3219
3984
3870
5211
4115
4021
3715
3317
2703
3965
3895
3836
4237
3698
3410
3754
3733
3641
3931
3601
3432
3848
3732
3183
3999
4158
3525
4045
3463
3355
3041
3093
4447
3697
3961
3555
3554
3671
3228
3352
3920
3274
4064
3805
4453
3263
3054
3367
3907
3807
3383
3482
3845
3753
3464
3844
4076
4086
3964
3028
3107
3816
3737
3243
3362
3171
3835
3064
3235
4131
3884
3848
3533
3014
3819
4038
3561
3197
3991
3637
3270
3228
3137
3488
4053
3029
3821
5808
3355
4090
3733
3177
4634
3640
3812
4069
3053
3175
3572
3503
3754
3736
4026
3508
4109
3859
3285
3403
3054
3154
2877
3581
3112
3596
3723
3839
3934
3110
3178
3723
3581
3579
3629
4042
3587
3304
3876
2018
3553
3168
3810
3523
4258
5265
3001
4036
3182
3474
4388
4114
3921
3233
3651
3163
4035
3901
4039
5109
3615
4885
3661
3757
3922
3020
3765
3602
3487
3680
3948
3402
3282
3147
2500
3814
3731
3947
3785
3042
3685
4030
3770
3055
3400
3984
5716
3173
3724
3736
3999
3681
3378
3403
3827
3595
3882
3969
3357
3699
3551
4081
3691
3236
3922
3984
3531
3457
3659
3929
4078
3509
3938
3740
3667
3447
2557
2331
3864
3552
5348
3905
3496
3404
4015
3712
3231
3146
3534
3988
3809
3053
3698
4085
3978
3873
4090
4028
3682
4873
4399
3484
3169
4097
3498
3647
2999
3062
3648
3691
3968
3889
3641
3188
4038
3506
2401
3841
4561
3490
3948
3877
3879
3347
3817
3671
2002
3014
3260
3545
3910
4137
3889
3264
3229
4811
4109
3439
3253
3723
2764
3609
3758
3131
3359
3794
4926
4580
3330
4272
3841
3587
3602
2394
3428
3976
3474
3612
4117
4254
3556
4310
3595
3702
3143
3007
3165
3260
4004
4028
4019
2411
3244
3542
3833
3589
3042
3577
3917
3842
3392
2866
3700
3404
3752
3419
4123
3284
3416
4108
3845
3601
3828
3527
3816
3770
3940
4053
3240
3309
3166
3576
3266
3895
2962
3503
3292
3831
5181
3334
4065
2689
3030
3558
3999
3812
3880
3451
3648
2340
3691
3428
4117
4673
3924
3214
3966
3692
3917
3135
3732
3930
3428
3802
3376
2808
3590
3968
3186
3928
3250
3774
3612
3308
3718
3797
3771
3212
3990
3803
3814
3879
3519
3889
3923
3722
3439
3954
5538
3939
3901
3316
3922
3941
3577
4051
3743
3712
3815
4858
3491
3399
3021
4096
3805
3613
3670
3305
3434
4016
3498
3936
3609
3600
3060
3930
3413
4075
3503
3047
4030
4016
