6144
4794
6219
7473
4560
9995
5987
4057
5933
6427
4392
5740
5354
5396
3643
6422
6630
8951
7915
3248
3576
7328
3339
6180
5354
9263
6425
8114
7950
5421
5837
7552
3553
4944
5691
6197
4281
4759
3437
9988
8148
5516
7671
7584
4260
4786
4056
5314
5950
5021
7335
5618
4700
8642
6136
5313
6487
5945
3498
4919
5603
7346
3691
7122
7894
4495
9662
5359
3411
7057
6160
6210
3529
4665
5574
5630
5780
5988
5179
5535
7865
6591
6183
11574
5814
5157
4998
5415
5669
6382
7569
5912
5236
4328
4337
7487
4957
7237
4691
6748
9133
4255
5607
3453
6707
5682
4087
7141
5721
6452
5390
6479
4206
5634
4241
6601
9297
5056
6322
5259
6178
9728
7086
3970
6335
4421
7717
6691
5608
6164
6899
7287
8017
6510
10295
4396
6466
5579
6570
4350
7032
5547
7811
4431
5524
8582
5069
5371
4431
8800
5089
9111
7093
8076
6823
6597
3618
9074
9198
6006
3399
6188
6458
6706
6190
9017
5793
8513
7681
4793
9789
4945
6816
8766
3515
5914
7015
5380
6143
8644
4191
5812
3778
6909
5217
6022
5478
6231
9820
4156
8709
3496
3931
5134
4173
8087
6173
5595
6811
5582
5805
8545
4403
4130
7339
6063
7586
3386
6067
6155
8325
4321
6042
7160
5447
6019
5005
4490
4303
6549
4970
4808
7375
4789
7912
4850
7637
6702
4562
3168
5350
4205
7659
3880
6171
4337
8079
8763
4575
8103
11751
6350
8032
6022
5902
5550
8753
5193
10073
5823
5881
4582
7033
4757
8120
3793
6560
5664
7202
6372
9546
4825
7943
6012
5877
6002
8475
4558
5219
4109
4442
7556
8840
6762
6846
6864
3839
5612
6695
3634
6689
6100
4468
4116
5595
8609
7786
4541
5865
5427
6390
6631
6000
6041
4808
4418
7066
11447
4100
5225
7317
5905
8419
8740
6251
5102
5887
4821
8188
4226
3425
5745
7705
3943
4964
5574
5331
9895
5845
5805
7105
7624
7563
6854
5547
4487
6275
7272
4643
4146
5515
6145
4989
6364
8014
5945
4910
3528
7254
6809
4244
6031
8634
7021
4840
5202
7053
6621
9891
4422
6289
3757
6540
6447
5306
4185
3581
4837
5009
7706
3976
4958
5645
7808
5816
7252
3981
6396
3955
6469
4071
7268
7516
9760
8266
5058
3911
5836
6942
7040
4458
6179
4950
6408
3887
6848
5294
11284
5270
5502
9416
4180
11057
6352
7394
5514
6336
4739
5625
4805
5223
7280
8901
7283
5546
4237
5681
5219
3869
4455
5390
5558
10079
7557
5533
4776
4588
5515
10824
4766
6808
7471
6221
8044
4823
7363
6143
5619
5756
5864
7039
4750
5908
6534
3809
7686
5016
4457
7400
5989
7917
5263
4072
6111
5302
4180
5825
4091
5220
4328
5831
4025
3596
5769
6083
6858
6145
3871
8499
6140
6111
4145
5125
4481
4933
7428
7686
5591
6746
4427
8212
4690
5052
6568
7833
9935
4169
4410
4934
8866
8058
4592
4651
4825
7121
5766
5815
5886
4181
8926
9730
7360
6241
6444
5300
5072
4971
4127
6275
5766
