2081
2415
1752
1293
1339
1706
1748
1982
2655
2377
1877
2081
3674
2961
1831
1597
1695
1818
2727
1779
2365
1645
2113
1530
1776
1784
1220
1361
1523
1687
1970
1163
1876
2520
1778
2424
2248
2020
1822
2190
1719
1932
2727
1976
2800
2601
1570
2655
1675
1858
2648
1645
1744
2043
1791
1174
2367
1709
1357
2480
1430
2000
1504
2060
1970
2369
1425
1762
2319
2309
1637
2344
3722
2150
1519
1686
1896
1673
2201
1551
1484
2108
1645
1637
1920
1501
2007
2086
2985
1594
2036
2032
2370
3539
2133
2674
1514
1271
2537
1974
1854
1654
2202
2559
2955
1917
1300
1917
2052
2280
1821
2474
1703
2469
1450
1984
2775
2498
1839
1328
2140
2630
2619
2777
2199
2421
1398
1499
1839
2674
1923
1490
2537
2376
2005
4484
1325
3195
2003
2211
1945
1462
1744
1870
2207
2343
2167
1972
1177
2347
1946
1717
2436
2442
2059
1305
1820
1537
1726
1587
1812
1532
2198
1692
2198
2646
1517
1728
1719
2239
2867
2946
1342
2111
1500
1524
1935
2293
1357
1911
2051
2647
1526
2063
2259
2272
2411
1771
1501
1203
1603
1957
2058
1810
2182
1119
3007
1298
1380
2024
2768
3122
1084
2184
2794
3141
2249
1697
1495
2491
1711
1753
2005
1651
2333
2447
1725
2527
2304
1510
2106
1415
1767
2386
1944
2532
2923
1179
1893
2310
3142
1656
2508
2033
1346
1842
2504
1615
1588
1723
1835
1778
2033
1375
1994
2822
2430
1756
1534
1648
2292
1733
1598
2373
2012
1229
2222
1854
1974
1511
1631
2565
1531
2415
2604
1123
1619
1826
2128
3084
1953
1653
2458
1925
2488
2648
2002
1634
2329
2011
1330
1505
2948
1538
2356
1288
3185
1519
1408
2600
2601
1241
2715
2153
1914
1268
2721
1947
1295
1957
2204
1964
2536
1160
1703
2898
1129
2185
1771
1594
1433
1862
1184
1467
2075
1817
1557
1870
1344
2865
2420
2080
1352
3407
2308
2543
2187
1946
1984
1937
1399
1561
1841
1531
1890
2254
2558
1602
1279
1551
1314
2585
2546
1930
2085
1673
1633
1331
1711
2191
2067
1603
2001
2518
1789
1808
2888
1352
2362
2145
2545
2485
1810
2765
3055
2201
2139
1701
2257
1366
2155
1992
3699
3448
1611
1729
1385
1722
1358
1759
1080
1946
2075
2181
1522
2582
1752
2352
1895
1537
1354
1625
3333
2368
2746
1987
1721
1634
2025
3066
2257
1488
1764
1242
2230
1256
2246
1754
1209
2672
1501
1866
1377
1688
1506
2359
1154
1515
2172
2451
1684
2328
2337
2127
1496
1544
1434
1635
1315
1116
2018
1971
3133
1879
2067
2006
1962
1211
3216
1572
3254
1497
1552
1794
3551
2115
1922
2564
2268
1757
2363
1436
1736
2232
2387
2247
1448
2724
2240
1423
2459
2379
1718
1351
1907
1669
2121
2096
1928
1928
3809
1915
1373
2822
1775
1869
1773
2261
2202
1873
2779
2083
2746
1483
1936
2085
2300
1281
1847
1345
2151
1863
3089
1936
2630
2306
1856
2253
1463
2605
