7096
10003
10571
8990
7727
8507
5258
8634
9947
4729
7361
10059
15228
8352
9054
8781
7724
8096
9231
8633
7570
9539
6119
5230
7048
10350
7886
9181
7933
8672
8308
7896
8293
7757
8414
11426
9969
10059
8473
10259
6783
5903
8753
9761
8333
7947
6263
8659
7620
6154
7060
8972
6382
10041
6606
8953
8107
9402
17688
9825
11239
10439
7308
10124
7099
7333
12275
7005
9191
6940
7891
5815
8170
11204
5336
7268
10199
6319
12236
11147
11834
6468
6592
5721
11111
5766
10041
7430
15691
7320
8661
6328
7946
8018
6510
5943
10092
7604
5207
8549
5233
8180
12143
5338
10396
5845
6567
9908
9553
7308
8014
6953
8301
6714
6705
6202
5822
7384
9551
10254
6283
9812
9616
11557
7942
8159
6912
6276
10291
8337
6920
6397
8588
8102
5884
9164
5339
12971
8857
6317
6615
8179
9782
5436
7595
10225
5327
11686
9073
5720
13252
6977
5563
10433
6682
9272
8203
9295
10837
6682
9521
8769
10422
7272
12828
5053
4347
11404
8946
8488
7577
7727
9620
9635
7390
7455
5461
8891
8026
12025
9886
5257
7029
5124
7843
6861
6578
5257
8151
4669
7500
7657
9939
6087
4744
8773
14704
6347
7687
8465
11130
11697
6304
6911
7518
5298
10892
8640
10731
11776
5754
10993
5743
10727
9792
9984
13914
7074
6589
8759
12782
5447
7326
6952
7975
8827
5318
7407
7937
8104
11398
5564
7241
11309
7647
7790
4822
8621
9562
6188
12726
7348
4990
8366
9466
7461
9191
11201
5372
7252
4683
9035
10233
13510
8194
7904
9225
10171
7883
5798
8015
4822
5667
8554
8498
8371
9192
7593
8215
6101
10741
7346
5165
9529
7509
7185
7183
9820
7129
4219
9047
7506
8107
6922
7884
6916
6940
11722
6776
4985
5130
6885
5620
9820
10764
8160
10601
6361
6124
5285
10838
7217
7976
8042
5542
10205
5121
5302
8290
6536
5870
5459
6796
7256
4338
9325
10711
9493
10743
5726
10770
9490
6381
6462
9459
5864
6550
7226
8020
7159
5085
5089
9071
8569
6875
6975
12997
9742
7727
6932
8388
6752
9044
8575
7475
6546
5101
8305
9180
9326
9785
8840
8674
8184
5941
10386
6890
8198
7717
6715
7477
7667
6132
7473
9035
6698
8582
7731
10584
14849
10351
7240
5206
6529
7349
9772
5436
7400
6081
10049
8032
8392
8004
6835
6675
13007
8585
7705
7489
7884
4888
9413
11061
7038
8449
6860
5068
6417
7906
9607
5390
8940
5655
9861
10114
7402
5701
8825
7342
9132
9249
6459
5791
7287
5400
6283
5156
11230
8993
9443
6071
7944
7201
9631
7495
7312
9886
10231
7138
6824
9348
7561
6341
9765
7497
4863
9242
4745
11105
6985
4588
5680
7713
7498
8037
5762
7572
6513
9534
4719
7040
14004
8640
6428
7562
7664
9681
7157
9067
11462
9092
7032
11094
7983
6961
8963
5364
9813
7095
7202
7692
9409
5711
7314
4316
6748
6944
4849
8860
7697
10455
8012
9128
9941
12708
5691
8502
6662
8815
8848
12443
7813
6139
5955
6563
5455
6624
8150
6594
11049
