4161
3789
3330
3262
3079
3224
5168
3842
3804
2442
4329
4260
2712
2691
6864
2399
4634
2732
5578
5546
5634
3769
2623
7813
4270
3140
2701
4228
4559
6908
3379
4012
4034
4115
4461
5679
4421
3212
4197
4878
3181
5316
3250
4372
5943
3404
3295
3875
3741
3724
2616
5883
4643
3793
5335
4046
5156
3061
4400
2458
4231
3184
5292
2916
7207
2922
3363
3288
4096
2764
3206
4556
5309
7290
3443
7652
2622
2872
3923
4625
3684
2361
4123
4373
3736
3056
3396
4178
4973
3943
3120
5648
4006
4585
4516
5026
2566
3138
4627
3951
5220
3640
4468
2525
4219
4846
4524
5192
5370
4826
2437
3058
3222
4065
2829
2608
3725
4683
4104
3022
2440
4456
4605
3541
2944
3838
2867
3372
4504
2758
4017
2939
2947
3296
3338
4828
3527
3434
5552
4172
2364
2466
4861
2974
2557
2673
3594
3671
3171
3425
7854
3136
3700
2675
5111
3327
2461
2857
2694
5270
8142
3540
3135
2399
3197
2498
5474
2868
2152
4138
3706
3452
2430
4400
2893
3243
3584
2351
4037
3852
4105
3443
4582
3670
2784
5753
3243
4394
2472
4337
4544
3263
4705
2383
3725
4606
3435
6382
2707
2617
4418
3811
3374
3365
4742
3932
2925
4572
3371
3323
3516
3118
4245
2357
4032
2422
3725
2304
2644
3351
4040
2266
5356
3847
2851
3881
3007
3658
2190
2601
4973
3148
4251
3610
2608
2936
5832
2468
4229
4416
3057
3639
4384
4094
3127
4956
5575
4308
5043
3723
4224
4742
2910
4875
4446
3952
5021
3459
3670
3424
2522
4282
3828
4840
5656
4477
2399
3201
3779
3007
5808
2584
3836
3490
4134
4684
3939
2859
3436
3044
2913
2698
5592
5028
4036
3442
3092
2657
7912
4153
4530
2479
4111
3905
2989
5015
2325
4757
7543
2223
3516
5628
3015
3328
3968
4020
4236
3523
2486
4353
5024
4731
3769
5500
3073
5367
5194
3028
3150
3116
3299
5893
4810
5719
3144
3574
2152
3435
2870
2486
2749
5295
6030
3434
4983
3852
2834
3093
5962
2980
3696
6916
4601
2262
3388
2410
5028
3944
3877
2866
2542
2672
5888
5713
3251
2564
3198
3430
2640
3641
3413
3348
2602
5633
4593
3029
2029
4414
5324
2912
3656
2425
3994
5684
3521
2587
4978
3072
4625
2600
2638
3886
3419
6762
4978
3526
3360
7075
4607
3748
3821
3659
4229
3931
3835
4101
3485
4048
4448
4870
2813
4033
4529
4033
4633
4425
4833
5165
3702
3439
3304
3446
4079
2816
2912
5497
3015
4493
2733
5260
3405
4377
3121
3858
4930
2788
3480
2855
3936
4662
2692
3251
3061
5996
4241
4538
2451
2877
2872
4059
4085
5804
3187
6571
3763
3861
2283
5696
4521
3891
3400
3368
4885
5604
3925
4062
4822
3963
3816
7380
5241
4022
4231
3724
6507
4344
2694
4310
4062
4376
3059
2989
4871
2681
4906
2693
3419
3899
4261
4181
3434
5537
2182
3262
5215
5344
2894
6801
4541
4490
5502
3599
3841
4430
5697
4265
4075
2826
4395
3681
