7978
7982
7982
7982
7982
7980
7982
7982
7979
7982
7982
7982
7982
7982
7982
7982
7982
7982
7975
7981
7982
7982
7978
7979
7982
7981
7982
7982
7982
7977
7982
7982
7981
7982
7982
7981
7979
7982
7982
7982
7982
7982
7982
7983
7982
7981
7981
7982
7982
7982
7982
7982
7979
7981
7980
7982
7982
7979
7978
7980
7982
7982
7982
7982
7973
7982
7982
7972
7981
7982
7980
7982
7982
7981
7978
7982
7975
7982
7977
7982
7982
7982
7981
7982
7982
7983
7982
7983
7982
7981
7978
7976
7982
7980
7982
7982
7982
7982
7982
7981
7975
7982
7981
7976
7980
7982
7978
7982
7979
7979
7978
7982
7982
7982
7982
7982
7981
7982
7980
7982
7982
7982
7979
7982
7980
7982
7979
7981
7982
7981
7982
7981
7982
7979
7981
7982
7982
7982
7982
7982
7982
7982
7982
7982
7980
7982
7981
7982
7982
7982
7979
7976
7982
7982
7981
7982
7981
7982
7982
7977
7982
7977
7982
7983
7982
7980
7982
7980
7980
7980
7979
7981
7982
7981
7982
7981
7982
7983
7982
7982
7977
7982
7982
7982
7977
7981
7982
7982
7982
7982
7982
7982
7982
7982
7982
7977
7982
7980
7982
7982
7981
7982
7982
7982
7981
7981
7982
7977
7982
7982
7983
7982
7981
7977
7977
7977
7980
7982
7982
7982
7982
7982
7981
7982
7982
7982
7980
7982
7980
7982
7978
7982
7979
7982
7982
7981
7980
7980
7982
7982
7979
7982
7979
7982
7981
7982
7981
7977
7982
7981
7982
7982
7981
7982
7982
7978
7979
7982
7980
7982
7977
7982
7982
7982
7982
7982
7982
7982
7980
7981
7981
7979
7982
7982
7982
7980
7982
7982
7982
7980
7982
7980
7981
7982
7982
7980
7980
7978
7982
7982
7982
7981
7983
7982
7982
7982
7982
7980
7982
7982
7982
7982
7982
7982
7982
7982
7978
7982
7982
7982
7982
7982
7982
7982
7982
7978
7981
7980
7982
7977
7982
7978
7982
7982
7982
7982
7977
7978
7982
7982
7982
7978
7982
7982
7981
7982
7981
7982
7982
7982
7981
7982
7982
7982
7982
7982
7982
7980
7982
7982
7981
7982
7982
7982
7982
7982
7982
7979
7982
7976
7982
7982
7979
7980
7982
7982
7982
7982
7981
7983
7978
7982
7982
7982
7982
7980
7982
7982
7982
7978
7982
7982
7982
7982
7982
7981
7982
7982
7982
7977
7982
7980
7982
7983
7982
7981
7982
7982
7978
7982
7981
7978
7982
7981
7982
7982
7981
7982
7978
7978
7980
7982
7982
7982
7979
7973
7982
7982
7981
7982
7976
7981
7982
7982
7977
7982
7982
7982
7982
7982
7982
7983
7979
7982
7980
7979
7979
7982
7981
7982
7982
7982
7982
7982
7980
7982
7980
7982
7982
7982
7982
7982
7980
7982
7982
7982
7982
7982
7982
7977
7976
7982
7982
7982
7982
7982
7976
7978
7978
7982
7981
7982
7977
7982
7982
7982
7982
7980
7982
7982
7982
7979
7982
7982
7982
7980
7982
7983
7981
7982
7982
7981
7981
7982
7981
7982
7982
7982
7976
7979
