3983
3983
3982
3982
3982
3983
3983
3980
3983
3983
3983
3980
3982
3981
3983
3981
3983
3983
3983
3983
3983
3983
3983
3983
3983
3983
3983
3983
3979
3982
3982
3983
3983
3983
3983
3983
3978
3982
3983
3983
3983
3982
3983
3983
3982
3983
3981
3982
3983
3983
3981
3981
3983
3983
3983
3983
3983
3982
3983
3980
3982
3983
3980
3980
3983
3983
3983
3983
3983
3982
3983
3983
3984
3981
3983
3983
3983
3981
3980
3979
3983
3984
3983
3983
3979
3982
3983
3983
3980
3983
3982
3981
3983
3983
3981
3983
3983
3981
3981
3983
3980
3983
3983
3983
3983
3983
3983
3983
3983
3983
3983
3983
3983
3983
3982
3983
3982
3983
3983
3983
3977
3982
3984
3983
3983
3982
3983
3981
3983
3983
3983
3983
3983
3983
3983
3983
3983
3982
3983
3983
3983
3979
3983
3983
3983
3983
3983
3980
3983
3983
3982
3983
3983
3983
3980
3980
3979
3983
3984
3983
3982
3983
3982
3983
3983
3983
3983
3981
3983
3982
3982
3983
3981
3982
3983
3983
3983
3983
3983
3983
3982
3982
3983
3976
3982
3983
3981
3983
3983
3983
3983
3983
3983
3983
3983
3983
3983
3983
3983
3983
3983
3983
3982
3983
3983
3983
3983
3983
3983
3983
3983
3984
3984
3983
3980
3982
3983
3983
3980
3983
3983
3975
3983
3983
3983
3982
3982
3983
3983
3979
3981
3983
3983
3980
3983
3983
3983
3983
3983
3983
3980
3983
3980
3982
3983
3982
3983
3978
3983
3983
3983
3983
3981
3979
3983
3983
3983
3982
3983
3983
3983
3983
3983
3981
3983
3982
3979
3983
3983
3983
3982
3983
3983
3983
3983
3981
3983
3981
3983
3983
3982
3983
3983
3983
3983
3983
3983
3980
3983
3983
3983
3981
3981
3983
3981
3983
3983
3982
3983
3983
3981
3982
3981
3982
3983
3982
3983
3982
3983
3983
3983
3983
3982
3981
3983
3983
3983
3983
3983
3980
3983
3983
3981
3983
3982
3983
3983
3980
3983
3983
3983
3983
3983
3983
3982
3979
3979
3982
3983
3984
3983
3983
3983
3983
3983
3983
3983
3983
3979
3983
3983
3983
3983
3983
3980
3975
3981
3982
3983
3983
3983
3981
3983
3981
3983
3983
3982
3981
3983
3979
3983
3983
3982
3983
3983
3983
3983
3983
3983
3978
3983
3983
3983
3983
3980
3979
3980
3982
3983
3983
3983
3983
3983
3983
3983
3979
3983
3983
3978
3981
3983
3981
3982
3983
3981
3983
3983
3983
3982
3983
3983
3983
3984
3983
3983
3980
3983
3979
3982
3983
3980
3983
3983
3983
3983
3983
3982
3983
3983
3983
3983
3982
3983
3983
3983
3983
3983
3983
3983
3983
3983
3979
3981
3983
3983
3983
3983
3982
3980
3982
3983
3983
3983
3983
3984
3983
3982
3978
3983
3983
3983
3983
3983
3982
3983
3983
3983
3982
3979
3983
3983
3983
3983
3983
3983
3983
3981
3983
3983
3983
3983
3978
3984
3983
3982
3983
3983
3982
3979
3981
3983
3983
3981
3979
3983
3982
3983
3983
3983
3983
